============================================================ SIMULATION METADATA ============================================================
Spacetime: Kerr
Image Order [-]: 0
Observer Radial Position [M]: 10000
Observer Inclination [Deg]: 20
Observation Frequency [Hz]: 2.3e+11
Active Simulation Mode: 2
Number Of Photons Per Param Value: 500
Number Of Param Values: 1
------------------------------------------------------- Optically Thin Disk Metadata -------------------------------------------------------
Active disk profile: Power law (rho ~ 1 / r^2)
Disk Opening Angle [tan(angle)]: 0.1
R_0 [M]: 4.5
R_Cutoff [M]: 4.5
Cutoff Scale [M]: 0.4
Emission Model: Exact
Disk Magnetization [-]: 0.01
Magnetic Field Geometry: [0.87, 0, 0.5]
Max Electron Temperature [K]: 6.5e+10
Max Disk Density [g / cm^3]: 500000
------------------------------------------------------------- Hotpost Metadata -------------------------------------------------------------
Hotspot Relative Scale [-]: 0
Hotspot Radial Scale [M]: 1
Hotspot r_center [M]: 8
------------------------------------------------------- Novikov-Thorne Disk Metadata -------------------------------------------------------
Inner Disk Radius [M]: 2
Outer Disk Radius [M]: 25
Image X Coord [M], Image Y Coord [M], Novikov-Thorne Disk Redshift [-], Novikov-Thorne Flux [M^-2], Synchotron Intensity I [Jy/sRad] Synchotron Intensity Q [Jy/sRad] Synchotron Intensity U [Jy/sRad] Synchotron Intensity V [Jy/sRad] Source r Coord [M], Source phi Coord [Rad], Radial Momentum (covariant), Theta Momentum (covariant), Phi Momentum (covariant), Spin Parameter
-0.0460964 7.30697 0 0 1.66544e+19 0 0 0 5.99553 -3.13574 0.149469 -7.30783 0.0157675 0.001
-0.138276 7.30587 0 0 1.67825e+19 0 0 0 5.99562 -3.12394 0.149506 -7.30776 0.047298 0.001
-0.230447 7.30347 0 0 1.69139e+19 0 0 0 5.99558 -3.11207 0.149607 -7.30741 0.0788254 0.001
-0.322568 7.29987 0 0 1.70454e+19 0 0 0 5.99555 -3.1002 0.149759 -7.30689 0.110336 0.001
-0.414629 7.29517 0 0 1.71761e+19 0 0 0 5.9956 -3.08846 0.14995 -7.3063 0.141825 0.001
-0.506629 7.28927 0 0 1.73075e+19 0 0 0 5.99564 -3.07649 0.150193 -7.30553 0.173295 0.001
-0.59854 7.28207 0 0 1.74418e+19 0 0 0 5.99557 -3.0646 0.1505 -7.30449 0.204733 0.001
-0.690351 7.27377 0 0 1.75747e+19 0 0 0 5.99557 -3.05274 0.150845 -7.30337 0.236138 0.001
-0.782052 7.26437 0 0 1.77064e+19 0 0 0 5.99564 -3.04099 0.151228 -7.30218 0.267504 0.001
-0.873613 7.25367 0 0 1.78407e+19 0 0 0 5.99561 -3.02909 0.151678 -7.30071 0.298823 0.001
-0.965033 7.24188 0 0 1.79737e+19 0 0 0 5.99567 -3.01718 0.152166 -7.29916 0.330094 0.001
-1.05629 7.22888 0 0 1.81075e+19 0 0 0 5.99568 -3.00546 0.152707 -7.29743 0.36131 0.001
-1.14739 7.21468 0 0 1.82428e+19 0 0 0 5.9957 -2.99371 0.1533 -7.29553 0.392468 0.001
-1.23828 7.19928 0 0 1.83776e+19 0 0 0 5.99568 -2.98148 0.153947 -7.29344 0.423558 0.001
-1.32887 7.18278 0 0 1.85115e+19 0 0 0 5.99569 -2.96992 0.154634 -7.29125 0.454545 0.001
-1.41936 7.16508 0 0 1.86462e+19 0 0 0 5.99572 -2.95808 0.155374 -7.28889 0.485498 0.001
-1.50955 7.14629 0 0 1.87798e+19 0 0 0 5.99579 -2.94589 0.156156 -7.28644 0.516348 0.001
-1.59954 7.12619 0 0 1.89164e+19 0 0 0 5.99576 -2.93386 0.157004 -7.28371 0.54713 0.001
-1.68923 7.10509 0 0 1.90493e+19 0 0 0 5.99585 -2.92245 0.157881 -7.28098 0.577809 0.001
-1.77862 7.08269 0 0 1.91858e+19 0 0 0 5.9958 -2.91023 0.158826 -7.27795 0.608385 0.001
-1.86771 7.05919 0 0 1.93206e+19 0 0 0 5.99581 -2.89828 0.159814 -7.27483 0.638859 0.001
-1.9564 7.0346 0 0 1.9455e+19 0 0 0 5.99584 -2.88638 0.160847 -7.27158 0.669197 0.001
-2.0449 7.0088 0 0 1.95898e+19 0 0 0 5.99586 -2.87463 0.161934 -7.26817 0.699465 0.001
-2.13299 6.9819 0 0 1.97245e+19 0 0 0 5.99592 -2.86217 0.163067 -7.26464 0.729597 0.001
-2.22068 6.9539 0 0 1.98568e+19 0 0 0 5.99597 -2.85044 0.164244 -7.26098 0.759593 0.001
-2.30807 6.92471 0 0 1.99908e+19 0 0 0 5.996 -2.83882 0.165477 -7.25714 0.789485 0.001
-2.39506 6.89441 0 0 2.01239e+19 0 0 0 5.99606 -2.82622 0.166757 -7.25319 0.819241 0.001
-2.48155 6.86301 0 0 2.02569e+19 0 0 0 5.99609 -2.81488 0.168085 -7.24908 0.848826 0.001
-2.56774 6.83042 0 0 2.03905e+19 0 0 0 5.99609 -2.80258 0.169469 -7.2448 0.878308 0.001
-2.65343 6.79672 0 0 2.05247e+19 0 0 0 5.99608 -2.79069 0.170903 -7.24037 0.907619 0.001
-2.73863 6.76202 0 0 2.06548e+19 0 0 0 5.99617 -2.7784 0.172374 -7.23589 0.936759 0.001
-2.82342 6.72613 0 0 2.0787e+19 0 0 0 5.9962 -2.76603 0.173905 -7.23121 0.965762 0.001
-2.90771 6.68923 0 0 2.09178e+19 0 0 0 5.99629 -2.75489 0.175474 -7.22648 0.994595 0.001
-2.9915 6.65113 0 0 2.10484e+19 0 0 0 5.99627 -2.74217 0.177104 -7.22151 1.02326 0.001
-3.07479 6.61204 0 0 2.11784e+19 0 0 0 5.99634 -2.73041 0.178772 -7.2165 1.05175 0.001
-3.15748 6.57184 0 0 2.13081e+19 0 0 0 5.99637 -2.71865 0.180496 -7.21131 1.08003 0.001
-3.23978 6.53055 0 0 2.14365e+19 0 0 0 5.99642 -2.70594 0.182266 -7.20602 1.10818 0.001
-3.32137 6.48825 0 0 2.1564e+19 0 0 0 5.99647 -2.69407 0.184083 -7.20061 1.13609 0.001
-3.40246 6.44486 0 0 2.16915e+19 0 0 0 5.99653 -2.68143 0.185952 -7.19507 1.16383 0.001
-3.48295 6.40036 0 0 2.1819e+19 0 0 0 5.99652 -2.66925 0.187875 -7.18936 1.19136 0.001
-3.56284 6.35486 0 0 2.19454e+19 0 0 0 5.99657 -2.65816 0.189843 -7.18356 1.21869 0.001
-3.64214 6.30837 0 0 2.20691e+19 0 0 0 5.99661 -2.64551 0.191852 -7.17769 1.24581 0.001
-3.72083 6.26087 0 0 2.21925e+19 0 0 0 5.99674 -2.63322 0.193907 -7.17174 1.27273 0.001
-3.79882 6.21228 0 0 2.23164e+19 0 0 0 5.99674 -2.62133 0.196021 -7.16558 1.2994 0.001
-3.87621 6.16268 0 0 2.24388e+19 0 0 0 5.99679 -2.60855 0.19818 -7.15935 1.32588 0.001
-3.9528 6.11219 0 0 2.25595e+19 0 0 0 5.99686 -2.59688 0.200381 -7.15304 1.35207 0.001
-4.0289 6.06059 0 0 2.2679e+19 0 0 0 5.99694 -2.5836 0.202633 -7.14662 1.3781 0.001
-4.10419 6.008 0 0 2.27995e+19 0 0 0 5.99695 -2.57145 0.204939 -7.14004 1.40386 0.001
-4.17878 5.9545 0 0 2.29168e+19 0 0 0 5.99703 -2.55952 0.207283 -7.13343 1.42937 0.001
-4.25257 5.90001 0 0 2.3035e+19 0 0 0 5.99707 -2.54771 0.209685 -7.12665 1.45461 0.001
-4.32577 5.84462 0 0 2.31486e+19 0 0 0 5.99719 -2.53457 0.212116 -7.1199 1.47965 0.001
-4.39806 5.78822 0 0 2.32647e+19 0 0 0 5.99721 -2.5225 0.214611 -7.11293 1.50438 0.001
-4.46965 5.73083 0 0 2.33795e+19 0 0 0 5.99722 -2.51042 0.217155 -7.10586 1.52886 0.001
-4.54055 5.67263 0 0 2.34895e+19 0 0 0 5.99738 -2.49812 0.219726 -7.09885 1.55311 0.001
-4.61054 5.61344 0 0 2.36013e+19 0 0 0 5.9974 -2.48561 0.22236 -7.09163 1.57705 0.001
-4.67973 5.55334 0 0 2.37118e+19 0 0 0 5.99745 -2.47329 0.225039 -7.08433 1.60072 0.001
-4.74813 5.49235 0 0 2.38209e+19 0 0 0 5.9975 -2.46017 0.227763 -7.07696 1.62412 0.001
-4.81572 5.43046 0 0 2.39282e+19 0 0 0 5.99757 -2.44727 0.230532 -7.06952 1.64724 0.001
-4.88241 5.36776 0 0 2.40336e+19 0 0 0 5.99766 -2.43617 0.233343 -7.06203 1.67005 0.001
-4.94831 5.30417 0 0 2.41375e+19 0 0 0 5.99774 -2.42255 0.236197 -7.05447 1.69259 0.001
-5.0133 5.23968 0 0 2.42413e+19 0 0 0 5.9978 -2.40954 0.239106 -7.04679 1.71482 0.001
-5.07739 5.17438 0 0 2.43432e+19 0 0 0 5.99785 -2.39786 0.242054 -7.03906 1.73674 0.001
-5.14059 5.10829 0 0 2.44432e+19 0 0 0 5.99795 -2.38433 0.245047 -7.03128 1.75836 0.001
-5.20288 5.0413 0 0 2.45431e+19 0 0 0 5.99798 -2.37197 0.24809 -7.02338 1.77967 0.001
-5.26427 4.9736 0 0 2.46394e+19 0 0 0 5.9981 -2.35898 0.251166 -7.01551 1.80067 0.001
-5.32477 4.90501 0 0 2.47355e+19 0 0 0 5.99815 -2.34703 0.254293 -7.00752 1.82136 0.001
-5.38426 4.83572 0 0 2.48297e+19 0 0 0 5.99823 -2.33511 0.25746 -6.9995 1.84171 0.001
-5.44286 4.76562 0 0 2.49219e+19 0 0 0 5.99833 -2.32231 0.260669 -6.99143 1.86175 0.001
-5.50045 4.69483 0 0 2.50123e+19 0 0 0 5.99844 -2.30944 0.263918 -6.98333 1.88145 0.001
-5.55704 4.62324 0 0 2.51027e+19 0 0 0 5.99851 -2.29598 0.267217 -6.97513 1.90081 0.001
-5.61264 4.55094 0 0 2.51912e+19 0 0 0 5.99856 -2.28391 0.270556 -6.96688 1.91983 0.001
-5.66723 4.47785 0 0 2.52797e+19 0 0 0 5.99859 -2.27048 0.273946 -6.95854 1.9385 0.001
-5.72093 4.40416 0 0 2.53627e+19 0 0 0 5.99874 -2.25855 0.277357 -6.9503 1.95687 0.001
-5.77352 4.32977 0 0 2.54459e+19 0 0 0 5.99885 -2.24444 0.280818 -6.94196 1.97486 0.001
-5.82502 4.25467 0 0 2.55293e+19 0 0 0 5.99885 -2.23299 0.284325 -6.93351 1.99247 0.001
-5.87561 4.17888 0 0 2.56091e+19 0 0 0 5.99896 -2.21929 0.287867 -6.9251 2.00978 0.001
-5.92511 4.10249 0 0 2.56873e+19 0 0 0 5.99906 -2.20634 0.291447 -6.91666 2.02671 0.001
-5.9735 4.0255 0 0 2.57643e+19 0 0 0 5.99913 -2.19373 0.295066 -6.90817 2.04326 0.001
-6.0209 3.94791 0 0 2.58381e+19 0 0 0 5.99927 -2.18155 0.298716 -6.89971 2.05947 0.001
-6.06709 3.86971 0 0 2.59129e+19 0 0 0 5.99932 -2.16821 0.302415 -6.89114 2.07528 0.001
-6.11229 3.79082 0 0 2.59859e+19 0 0 0 5.99937 -2.15533 0.306155 -6.88255 2.09073 0.001
-6.15638 3.71143 0 0 2.60563e+19 0 0 0 5.99946 -2.14286 0.309925 -6.87398 2.10582 0.001
-6.19938 3.63154 0 0 2.61242e+19 0 0 0 5.99958 -2.13003 0.313726 -6.86542 2.12052 0.001
-6.24128 3.55104 0 0 2.61909e+19 0 0 0 5.99968 -2.11624 0.317567 -6.85683 2.13486 0.001
-6.28197 3.47005 0 0 2.62576e+19 0 0 0 5.99973 -2.10438 0.321449 -6.84817 2.14878 0.001
-6.32167 3.38856 0 0 2.63195e+19 0 0 0 5.9999 -2.09155 0.325353 -6.83961 2.16235 0.001
-6.36016 3.30657 0 0 2.63814e+19 0 0 0 5.99998 -2.07768 0.329296 -6.83099 2.17552 0.001
-6.39746 3.22418 0 0 2.64421e+19 0 0 0 6.00006 -2.06474 0.333272 -6.82235 2.18828 0.001
-6.43366 3.14129 0 0 2.65007e+19 0 0 0 6.00016 -2.05068 0.337279 -6.81373 2.20066 0.001
-6.46865 3.05789 0 0 2.65591e+19 0 0 0 6.00022 -2.03929 0.34133 -6.80505 2.21263 0.001
-6.50255 2.9741 0 0 2.66143e+19 0 0 0 6.00031 -2.02513 0.345399 -6.79643 2.22423 0.001
-6.53525 2.88991 0 0 2.66683e+19 0 0 0 6.00041 -2.01262 0.349505 -6.78779 2.23541 0.001
-6.56674 2.80542 0 0 2.67205e+19 0 0 0 6.0005 -1.99975 0.353634 -6.77918 2.24618 0.001
-6.59714 2.72043 0 0 2.67704e+19 0 0 0 6.00062 -1.98507 0.357794 -6.7706 2.25658 0.001
-6.62634 2.63514 0 0 2.68183e+19 0 0 0 6.00075 -1.97263 0.361979 -6.76203 2.26657 0.001
-6.65423 2.54955 0 0 2.68671e+19 0 0 0 6.00081 -1.95997 0.366201 -6.75341 2.27611 0.001
-6.68103 2.46355 0 0 2.69126e+19 0 0 0 6.00091 -1.94702 0.370445 -6.74484 2.28528 0.001
-6.70663 2.37736 0 0 2.69555e+19 0 0 0 6.00105 -1.93205 0.374706 -6.73634 2.29403 0.001
-6.73103 2.29077 0 0 2.69978e+19 0 0 0 6.00116 -1.92036 0.379001 -6.72781 2.30238 0.001
-6.75412 2.20398 0 0 2.70404e+19 0 0 0 6.0012 -1.90617 0.383325 -6.71925 2.31028 0.001
-6.77612 2.11689 0 0 2.70788e+19 0 0 0 6.00134 -1.89293 0.387664 -6.7108 2.3178 0.001
-6.79682 2.0297 0 0 2.7117e+19 0 0 0 6.00143 -1.87933 0.392026 -6.70234 2.32488 0.001
-6.81632 1.94211 0 0 2.71545e+19 0 0 0 6.00148 -1.86664 0.39642 -6.69386 2.33155 0.001
-6.83462 1.85441 0 0 2.71893e+19 0 0 0 6.00159 -1.85394 0.400827 -6.68547 2.33781 0.001
-6.85171 1.76662 0 0 2.72217e+19 0 0 0 6.00173 -1.84025 0.405245 -6.67714 2.34366 0.001
-6.86761 1.67853 0 0 2.72525e+19 0 0 0 6.00186 -1.82662 0.409689 -6.66883 2.3491 0.001
-6.88221 1.59044 0 0 2.72833e+19 0 0 0 6.00195 -1.81315 0.41415 -6.66052 2.35409 0.001
-6.89561 1.50215 0 0 2.73122e+19 0 0 0 6.00205 -1.80074 0.418632 -6.65225 2.35867 0.001
-6.90781 1.41376 0 0 2.7339e+19 0 0 0 6.00219 -1.78543 0.423127 -6.64405 2.36285 0.001
-6.91871 1.32527 0 0 2.73663e+19 0 0 0 6.00223 -1.77294 0.427643 -6.63581 2.36657 0.001
-6.92841 1.23668 0 0 2.73916e+19 0 0 0 6.00233 -1.76125 0.432177 -6.62765 2.36989 0.001
-6.93691 1.14809 0 0 2.74146e+19 0 0 0 6.00242 -1.74652 0.436713 -6.61955 2.3728 0.001
-6.94421 1.05949 0 0 2.74353e+19 0 0 0 6.00256 -1.73274 0.441259 -6.61153 2.3753 0.001
-6.9503 0.970833 0 0 2.74541e+19 0 0 0 6.00273 -1.71881 0.445817 -6.60357 2.37738 0.001
-6.9551 0.882202 0 0 2.74735e+19 0 0 0 6.00281 -1.70681 0.450391 -6.59559 2.37902 0.001
-6.9587 0.793581 0 0 2.7491e+19 0 0 0 6.00294 -1.69368 0.454976 -6.58768 2.38025 0.001
-6.961 0.705009 0 0 2.75094e+19 0 0 0 6.00296 -1.6786 0.459576 -6.57974 2.38104 0.001
-6.9622 0.616488 0 0 2.75232e+19 0 0 0 6.00311 -1.66724 0.46417 -6.57197 2.38145 0.001
-6.9621 0.528047 0 0 2.7538e+19 0 0 0 6.00317 -1.65196 0.46878 -6.56417 2.38142 0.001
-6.9609 0.439706 0 0 2.75484e+19 0 0 0 6.00334 -1.63952 0.473381 -6.55652 2.38101 0.001
-6.9584 0.351475 0 0 2.75601e+19 0 0 0 6.00344 -1.62464 0.478001 -6.54885 2.38015 0.001
-6.9547 0.263364 0 0 2.75703e+19 0 0 0 6.00353 -1.61148 0.482621 -6.54124 2.37889 0.001
-6.9498 0.175402 0 0 2.75793e+19 0 0 0 6.00361 -1.59981 0.487243 -6.53368 2.37721 0.001
-6.94381 0.0876132 0 0 2.75843e+19 0 0 0 6.00379 -1.58547 0.491855 -6.52628 2.37516 0.001
-6.93651 7.70103e-16 0 0 2.7591e+19 0 0 0 6.00388 -1.57141 0.496482 -6.51883 2.37266 0.001
-6.92801 -0.0874143 0 0 2.7597e+19 0 0 0 6.00394 -1.55864 0.501108 -6.51143 2.36975 0.001
-6.91841 -0.174613 0 0 2.75996e+19 0 0 0 6.0041 -1.54612 0.505724 -6.50417 2.36647 0.001
-6.90761 -0.261584 0 0 2.76015e+19 0 0 0 6.00421 -1.53161 0.510339 -6.49694 2.36278 0.001
-6.89561 -0.348295 0 0 2.76031e+19 0 0 0 6.00431 -1.51905 0.514955 -6.48975 2.35867 0.001
-6.88241 -0.434747 0 0 2.76046e+19 0 0 0 6.00437 -1.50541 0.51957 -6.48259 2.35416 0.001
-6.86811 -0.520918 0 0 2.76033e+19 0 0 0 6.00448 -1.49093 0.524173 -6.47555 2.34927 0.001
-6.85271 -0.606789 0 0 2.75996e+19 0 0 0 6.00466 -1.47917 0.528764 -6.46862 2.344 0.001
-6.83612 -0.692351 0 0 2.75963e+19 0 0 0 6.00476 -1.46383 0.533353 -6.46169 2.33832 0.001
-6.81832 -0.777582 0 0 2.75936e+19 0 0 0 6.00479 -1.45059 0.537941 -6.45478 2.33224 0.001
-6.79952 -0.862464 0 0 2.75864e+19 0 0 0 6.00495 -1.43839 0.542503 -6.44804 2.32581 0.001
-6.77952 -0.946985 0 0 2.75803e+19 0 0 0 6.00504 -1.42471 0.547065 -6.4413 2.31896 0.001
-6.75842 -1.0311 0 0 2.7573e+19 0 0 0 6.00513 -1.41143 0.551614 -6.43464 2.31175 0.001
-6.73623 -1.11489 0 0 2.75641e+19 0 0 0 6.00523 -1.39753 0.556151 -6.42805 2.30416 0.001
-6.71293 -1.19828 0 0 2.75542e+19 0 0 0 6.00534 -1.38456 0.560675 -6.42153 2.29619 0.001
-6.68853 -1.28117 0 0 2.75443e+19 0 0 0 6.00541 -1.37017 0.565187 -6.41505 2.28784 0.001
-6.66313 -1.36366 0 0 2.7531e+19 0 0 0 6.00556 -1.35711 0.569673 -6.40871 2.27915 0.001
-6.63664 -1.44566 0 0 2.75181e+19 0 0 0 6.00565 -1.3447 0.574145 -6.4024 2.27009 0.001
-6.60904 -1.52725 0 0 2.75048e+19 0 0 0 6.00574 -1.32992 0.57861 -6.39613 2.26065 0.001
-6.58044 -1.60834 0 0 2.74894e+19 0 0 0 6.00584 -1.31848 0.583047 -6.38997 2.25087 0.001
-6.55074 -1.68903 0 0 2.74739e+19 0 0 0 6.00592 -1.30346 0.587476 -6.38384 2.24071 0.001
-6.52015 -1.76912 0 0 2.7455e+19 0 0 0 6.00608 -1.29147 0.591867 -6.37787 2.23024 0.001
-6.48845 -1.84872 0 0 2.74372e+19 0 0 0 6.00615 -1.27729 0.596247 -6.3719 2.2194 0.001
-6.45575 -1.92781 0 0 2.74179e+19 0 0 0 6.00627 -1.26558 0.600609 -6.36601 2.20822 0.001
-6.42206 -2.0063 0 0 2.73987e+19 0 0 0 6.00632 -1.25207 0.604945 -6.36016 2.19669 0.001
-6.38746 -2.08429 0 0 2.73756e+19 0 0 0 6.00648 -1.23825 0.609248 -6.35447 2.18486 0.001
-6.35176 -2.16168 0 0 2.73553e+19 0 0 0 6.0065 -1.22436 0.613543 -6.34873 2.17265 0.001
-6.31517 -2.23858 0 0 2.73316e+19 0 0 0 6.00661 -1.21157 0.617806 -6.34313 2.16013 0.001
-6.27767 -2.31487 0 0 2.73058e+19 0 0 0 6.00677 -1.19855 0.622039 -6.33765 2.14731 0.001
-6.23918 -2.39046 0 0 2.72821e+19 0 0 0 6.0068 -1.18545 0.626251 -6.33214 2.13414 0.001
-6.19978 -2.46555 0 0 2.72553e+19 0 0 0 6.00692 -1.17084 0.630434 -6.32676 2.12066 0.001
-6.15948 -2.53995 0 0 2.72284e+19 0 0 0 6.00699 -1.15781 0.634586 -6.32143 2.10688 0.001
-6.11829 -2.61374 0 0 2.72001e+19 0 0 0 6.00709 -1.14455 0.638711 -6.31618 2.09279 0.001
-6.07619 -2.68693 0 0 2.71707e+19 0 0 0 6.00718 -1.13281 0.642806 -6.31101 2.07839 0.001
-6.0333 -2.75952 0 0 2.71377e+19 0 0 0 6.00737 -1.11898 0.646859 -6.30599 2.06372 0.001
-5.9894 -2.83132 0 0 2.71092e+19 0 0 0 6.00737 -1.10691 0.650904 -6.30086 2.0487 0.001
-5.94471 -2.90251 0 0 2.70775e+19 0 0 0 6.00743 -1.09324 0.654906 -6.29587 2.03341 0.001
-5.89921 -2.9731 0 0 2.70429e+19 0 0 0 6.00756 -1.0799 0.658871 -6.29102 2.01785 0.001
-5.85291 -3.0429 0 0 2.70085e+19 0 0 0 6.00767 -1.06716 0.662803 -6.28621 2.00201 0.001
-5.80572 -3.11209 0 0 2.69738e+19 0 0 0 6.00774 -1.05309 0.666709 -6.28144 1.98587 0.001
-5.75782 -3.18058 0 0 2.69357e+19 0 0 0 6.00789 -1.0401 0.670569 -6.27681 1.96949 0.001
-5.70903 -3.24828 0 0 2.69008e+19 0 0 0 6.0079 -1.02699 0.674411 -6.27212 1.9528 0.001
-5.65953 -3.31537 0 0 2.68616e+19 0 0 0 6.00803 -1.01506 0.678203 -6.26761 1.93587 0.001
-5.60924 -3.38166 0 0 2.68233e+19 0 0 0 6.00808 -1.00207 0.681967 -6.2631 1.91866 0.001
-5.55824 -3.44726 0 0 2.67827e+19 0 0 0 6.00819 -0.989132 0.685688 -6.25872 1.90122 0.001
-5.50655 -3.51215 0 0 2.67398e+19 0 0 0 6.00834 -0.975492 0.689364 -6.25444 1.88354 0.001
-5.45405 -3.57624 0 0 2.66985e+19 0 0 0 6.00841 -0.961643 0.693019 -6.25015 1.86558 0.001
-5.40086 -3.63964 0 0 2.66553e+19 0 0 0 6.0085 -0.948816 0.696628 -6.24595 1.84739 0.001
-5.34697 -3.70223 0 0 2.6612e+19 0 0 0 6.00854 -0.936828 0.7002 -6.24179 1.82895 0.001
-5.29237 -3.76412 0 0 2.65671e+19 0 0 0 6.00862 -0.923736 0.703733 -6.23772 1.81028 0.001
-5.23708 -3.82522 0 0 2.65225e+19 0 0 0 6.00867 -0.910499 0.707233 -6.23367 1.79136 0.001
-5.18118 -3.88551 0 0 2.64763e+19 0 0 0 6.00873 -0.89754 0.710687 -6.22972 1.77225 0.001
-5.12459 -3.94511 0 0 2.64289e+19 0 0 0 6.00879 -0.886053 0.7141 -6.22583 1.75289 0.001
-5.06739 -4.0039 0 0 2.63801e+19 0 0 0 6.00887 -0.872717 0.717472 -6.22202 1.73332 0.001
-5.0096 -4.06189 0 0 2.63305e+19 0 0 0 6.00895 -0.860556 0.720801 -6.21829 1.71356 0.001
-4.9512 -4.11919 0 0 2.6278e+19 0 0 0 6.00909 -0.84769 0.72408 -6.21468 1.69358 0.001
-4.89211 -4.17558 0 0 2.62288e+19 0 0 0 6.00909 -0.835316 0.727338 -6.21099 1.67337 0.001
-4.83252 -4.23128 0 0 2.6175e+19 0 0 0 6.00919 -0.821973 0.730535 -6.20748 1.65298 0.001
-4.77232 -4.28617 0 0 2.61209e+19 0 0 0 6.0093 -0.808583 0.733694 -6.20402 1.63239 0.001
-4.71153 -4.34017 0 0 2.60687e+19 0 0 0 6.0093 -0.797148 0.736823 -6.20052 1.6116 0.001
-4.65023 -4.39346 0 0 2.60125e+19 0 0 0 6.00939 -0.783746 0.73989 -6.19719 1.59063 0.001
-4.58844 -4.44596 0 0 2.59546e+19 0 0 0 6.00954 -0.771863 0.742916 -6.19396 1.5695 0.001
-4.52605 -4.49755 0 0 2.58991e+19 0 0 0 6.00954 -0.758823 0.745906 -6.19067 1.54815 0.001
-4.46315 -4.54845 0 0 2.584e+19 0 0 0 6.00965 -0.745103 0.748847 -6.18753 1.52664 0.001
-4.39976 -4.59844 0 0 2.5782e+19 0 0 0 6.00968 -0.732823 0.751746 -6.18439 1.50496 0.001
-4.33587 -4.64764 0 0 2.57227e+19 0 0 0 6.00973 -0.719927 0.754603 -6.18132 1.4831 0.001
-4.27147 -4.69613 0 0 2.56604e+19 0 0 0 6.00985 -0.708029 0.757405 -6.17838 1.46108 0.001
-4.20668 -4.74363 0 0 2.56001e+19 0 0 0 6.00986 -0.695501 0.76017 -6.17541 1.43891 0.001
-4.14139 -4.79042 0 0 2.55368e+19 0 0 0 6.00995 -0.682631 0.762886 -6.17256 1.41658 0.001
-4.07559 -4.83642 0 0 2.54729e+19 0 0 0 6.01002 -0.670874 0.765557 -6.16976 1.39407 0.001
-4.0094 -4.88151 0 0 2.54095e+19 0 0 0 6.01005 -0.657824 0.768187 -6.16697 1.37143 0.001
-3.94281 -4.92581 0 0 2.53443e+19 0 0 0 6.01011 -0.646076 0.770765 -6.16428 1.34865 0.001
-3.87571 -4.9693 0 0 2.52787e+19 0 0 0 6.01014 -0.633356 0.773303 -6.16162 1.3257 0.001
-3.80832 -5.012 0 0 2.52103e+19 0 0 0 6.01027 -0.620296 0.775785 -6.15909 1.30265 0.001
-3.74043 -5.05379 0 0 2.51441e+19 0 0 0 6.01025 -0.608189 0.778234 -6.15651 1.27943 0.001
-3.67223 -5.09479 0 0 2.50754e+19 0 0 0 6.01031 -0.595891 0.780627 -6.15404 1.2561 0.001
-3.60364 -5.13499 0 0 2.50054e+19 0 0 0 6.01039 -0.584128 0.782975 -6.15165 1.23264 0.001
-3.53465 -5.17438 0 0 2.49345e+19 0 0 0 6.01044 -0.571576 0.785272 -6.14931 1.20904 0.001
-3.46535 -5.21288 0 0 2.48638e+19 0 0 0 6.01049 -0.558633 0.787529 -6.147 1.18534 0.001
-3.39566 -5.25057 0 0 2.47921e+19 0 0 0 6.01052 -0.546474 0.789737 -6.14474 1.1615 0.001
-3.32567 -5.28747 0 0 2.47185e+19 0 0 0 6.0106 -0.53485 0.791894 -6.14257 1.13756 0.001
-3.25537 -5.32357 0 0 2.46431e+19 0 0 0 6.01071 -0.522079 0.793998 -6.1405 1.11351 0.001
-3.18468 -5.35876 0 0 2.45696e+19 0 0 0 6.01071 -0.510166 0.796068 -6.13838 1.08933 0.001
-3.11369 -5.39316 0 0 2.44945e+19 0 0 0 6.01075 -0.497611 0.798088 -6.13634 1.06505 0.001
-3.0425 -5.42666 0 0 2.44193e+19 0 0 0 6.01077 -0.486045 0.800061 -6.13434 1.0407 0.001
-2.9709 -5.45945 0 0 2.43413e+19 0 0 0 6.01085 -0.473292 0.801979 -6.13245 1.01621 0.001
-2.89911 -5.49135 0 0 2.42635e+19 0 0 0 6.01089 -0.461343 0.803852 -6.13059 0.991653 0.001
-2.82702 -5.52245 0 0 2.41845e+19 0 0 0 6.01095 -0.448926 0.805676 -6.12879 0.966994 0.001
-2.75462 -5.55264 0 0 2.41069e+19 0 0 0 6.01093 -0.436581 0.807464 -6.12696 0.942231 0.001
-2.68203 -5.58204 0 0 2.40273e+19 0 0 0 6.01095 -0.4247 0.809196 -6.12524 0.917401 0.001
-2.60914 -5.61064 0 0 2.39469e+19 0 0 0 6.011 -0.413144 0.810884 -6.12356 0.892467 0.001
-2.53605 -5.63844 0 0 2.38646e+19 0 0 0 6.01106 -0.399936 0.812516 -6.12198 0.867466 0.001
-2.46265 -5.66543 0 0 2.37817e+19 0 0 0 6.01113 -0.388845 0.814101 -6.12045 0.842361 0.001
-2.38916 -5.69153 0 0 2.36989e+19 0 0 0 6.01114 -0.376224 0.815637 -6.11894 0.817223 0.001
-2.31537 -5.71683 0 0 2.36154e+19 0 0 0 6.01118 -0.364604 0.817132 -6.11747 0.791982 0.001
-2.24138 -5.74133 0 0 2.35304e+19 0 0 0 6.01122 -0.352189 0.818571 -6.11608 0.766672 0.001
-2.16718 -5.76492 0 0 2.3447e+19 0 0 0 6.0112 -0.340307 0.819974 -6.11466 0.741294 0.001
-2.09279 -5.78782 0 0 2.33595e+19 0 0 0 6.01129 -0.328015 0.821314 -6.11341 0.715848 0.001
-2.0183 -5.80982 0 0 2.3273e+19 0 0 0 6.01133 -0.31607 0.822612 -6.11216 0.690368 0.001
-1.94351 -5.83102 0 0 2.3186e+19 0 0 0 6.01135 -0.303842 0.823865 -6.11094 0.664785 0.001
-1.86861 -5.85131 0 0 2.30998e+19 0 0 0 6.01131 -0.292133 0.825075 -6.10971 0.639167 0.001
-1.79352 -5.87091 0 0 2.30102e+19 0 0 0 6.0114 -0.279618 0.826228 -6.10864 0.613482 0.001
-1.71833 -5.88961 0 0 2.29218e+19 0 0 0 6.0114 -0.268176 0.827336 -6.10756 0.587762 0.001
-1.64294 -5.90751 0 0 2.28325e+19 0 0 0 6.0114 -0.256045 0.828395 -6.10652 0.561973 0.001
-1.56744 -5.92461 0 0 2.27418e+19 0 0 0 6.01144 -0.244286 0.829406 -6.10556 0.536151 0.001
-1.49185 -5.94091 0 0 2.265e+19 0 0 0 6.0115 -0.232095 0.830361 -6.10468 0.510294 0.001
-1.41606 -5.9563 0 0 2.256e+19 0 0 0 6.01147 -0.219881 0.831287 -6.10374 0.484369 0.001
-1.34017 -5.9709 0 0 2.2469e+19 0 0 0 6.01144 -0.208205 0.832156 -6.10287 0.45841 0.001
-1.26417 -5.9848 0 0 2.23742e+19 0 0 0 6.01155 -0.196257 0.832964 -6.10217 0.432416 0.001
-1.18808 -5.9978 0 0 2.22811e+19 0 0 0 6.01155 -0.184288 0.833734 -6.10143 0.406388 0.001
-1.11189 -6.01 0 0 2.21871e+19 0 0 0 6.01159 -0.172474 0.834455 -6.10075 0.380326 0.001
-1.0356 -6.0213 0 0 2.20947e+19 0 0 0 6.01153 -0.160369 0.835139 -6.10004 0.35423 0.001
-0.959254 -6.0319 0 0 2.19987e+19 0 0 0 6.01158 -0.148611 0.835757 -6.09949 0.328117 0.001
-0.882802 -6.0416 0 0 2.19045e+19 0 0 0 6.01155 -0.136782 0.836342 -6.09889 0.301966 0.001
-0.806279 -6.05059 0 0 2.1807e+19 0 0 0 6.01165 -0.12495 0.836864 -6.09846 0.275791 0.001
-0.729687 -6.05869 0 0 2.17111e+19 0 0 0 6.01164 -0.113042 0.837348 -6.09798 0.249593 0.001
-0.653045 -6.06599 0 0 2.16144e+19 0 0 0 6.01163 -0.101063 0.83778 -6.09756 0.223377 0.001
-0.576332 -6.07249 0 0 2.15168e+19 0 0 0 6.01164 -0.0890914 0.838164 -6.0972 0.197137 0.001
-0.49959 -6.07819 0 0 2.14185e+19 0 0 0 6.01167 -0.077308 0.838499 -6.0969 0.170887 0.001
-0.422798 -6.08299 0 0 2.13221e+19 0 0 0 6.0116 -0.0653752 0.838796 -6.09656 0.14462 0.001
-0.345965 -6.08709 0 0 2.12223e+19 0 0 0 6.01165 -0.0534585 0.839032 -6.09638 0.118339 0.001
-0.269113 -6.09029 0 0 2.11244e+19 0 0 0 6.01161 -0.0415753 0.839232 -6.09615 0.0920513 0.001
-0.192241 -6.09279 0 0 2.10231e+19 0 0 0 6.01169 -0.0297064 0.839368 -6.09608 0.0657568 0.001
-0.115348 -6.09439 0 0 2.09238e+19 0 0 0 6.01167 -0.0178385 0.839468 -6.09596 0.0394554 0.001
-0.0384512 -6.09519 0 0 2.08237e+19 0 0 0 6.01165 -0.0059806 0.839517 -6.09591 0.0131524 0.001
0.0384512 -6.09519 0 0 2.07229e+19 0 0 0 6.01165 0.00588751 0.839517 -6.09591 -0.0131524 0.001
-0.0384512 -6.09519 0 0 2.08237e+19 0 0 0 6.01165 -0.0059806 0.839517 -6.09591 0.0131524 0.001
0.0384512 -6.09519 0 0 2.07229e+19 0 0 0 6.01165 0.00588751 0.839517 -6.09591 -0.0131524 0.001
0.115348 -6.09439 0 0 2.06216e+19 0 0 0 6.01167 0.0177367 0.839471 -6.09596 -0.0394554 0.001
0.192241 -6.09279 0 0 2.05196e+19 0 0 0 6.01169 0.0295956 0.839373 -6.09608 -0.0657568 0.001
0.269113 -6.09029 0 0 2.04195e+19 0 0 0 6.01162 0.0414588 0.839237 -6.09615 -0.0920513 0.001
0.345965 -6.08709 0 0 2.03161e+19 0 0 0 6.01166 0.0534482 0.83904 -6.09638 -0.118339 0.001
0.422798 -6.08299 0 0 2.02148e+19 0 0 0 6.0116 0.0652919 0.838803 -6.09656 -0.14462 0.001
0.49959 -6.07819 0 0 2.01104e+19 0 0 0 6.01167 0.0771615 0.838507 -6.0969 -0.170887 0.001
0.576332 -6.07249 0 0 2.00078e+19 0 0 0 6.01164 0.0891145 0.838174 -6.0972 -0.197137 0.001
0.653045 -6.06599 0 0 1.99046e+19 0 0 0 6.01162 0.100852 0.837789 -6.09756 -0.223377 0.001
0.729687 -6.05869 0 0 1.98009e+19 0 0 0 6.01161 0.112795 0.837355 -6.09798 -0.249593 0.001
0.806279 -6.05059 0 0 1.96966e+19 0 0 0 6.01163 0.124534 0.836876 -6.09846 -0.275791 0.001
0.882802 -6.0416 0 0 1.95941e+19 0 0 0 6.01154 0.136751 0.836356 -6.09889 -0.301966 0.001
0.959254 -6.0319 0 0 1.94886e+19 0 0 0 6.01157 0.14844 0.835771 -6.09949 -0.328117 0.001
1.0356 -6.0213 0 0 1.93852e+19 0 0 0 6.01152 0.160202 0.835155 -6.10004 -0.35423 0.001
1.11189 -6.01 0 0 1.92787e+19 0 0 0 6.01157 0.172335 0.834471 -6.10075 -0.380326 0.001
1.18808 -5.9978 0 0 1.91739e+19 0 0 0 6.01153 0.184251 0.83375 -6.10143 -0.406388 0.001
1.26417 -5.9848 0 0 1.90688e+19 0 0 0 6.01153 0.196363 0.832984 -6.10217 -0.432416 0.001
1.34017 -5.9709 0 0 1.89653e+19 0 0 0 6.01142 0.208253 0.832175 -6.10287 -0.45841 0.001
1.41606 -5.9563 0 0 1.88588e+19 0 0 0 6.01143 0.21996 0.831304 -6.10374 -0.484369 0.001
1.49185 -5.94091 0 0 1.87518e+19 0 0 0 6.01148 0.23218 0.830384 -6.10468 -0.510294 0.001
1.56744 -5.92461 0 0 1.8647e+19 0 0 0 6.01142 0.244224 0.829429 -6.10556 -0.536151 0.001
1.64294 -5.90751 0 0 1.85415e+19 0 0 0 6.01137 0.255963 0.828419 -6.10652 -0.561973 0.001
1.71833 -5.88961 0 0 1.84352e+19 0 0 0 6.01136 0.267901 0.827359 -6.10756 -0.587762 0.001
1.79352 -5.87091 0 0 1.83288e+19 0 0 0 6.01135 0.279996 0.826251 -6.10864 -0.613482 0.001
1.86861 -5.85131 0 0 1.82236e+19 0 0 0 6.01128 0.291683 0.825103 -6.10971 -0.639167 0.001
1.94351 -5.83102 0 0 1.81161e+19 0 0 0 6.01132 0.303953 0.823892 -6.11094 -0.664785 0.001
2.0183 -5.80982 0 0 1.80097e+19 0 0 0 6.01129 0.315818 0.82264 -6.11216 -0.690368 0.001
2.09279 -5.78782 0 0 1.79037e+19 0 0 0 6.01126 0.327614 0.821346 -6.11341 -0.715848 0.001
2.16718 -5.76492 0 0 1.77987e+19 0 0 0 6.01116 0.340053 0.820005 -6.11466 -0.741294 0.001
2.24138 -5.74133 0 0 1.76912e+19 0 0 0 6.01119 0.352248 0.818604 -6.11608 -0.766672 0.001
2.31537 -5.71683 0 0 1.75854e+19 0 0 0 6.01113 0.364248 0.817163 -6.11747 -0.791982 0.001
2.38916 -5.69153 0 0 1.7479e+19 0 0 0 6.01111 0.376403 0.815672 -6.11894 -0.817223 0.001
2.46265 -5.66543 0 0 1.73729e+19 0 0 0 6.01107 0.388463 0.814134 -6.12045 -0.842361 0.001
2.53605 -5.63844 0 0 1.72673e+19 0 0 0 6.01101 0.4 0.812551 -6.12198 -0.867466 0.001
2.60914 -5.61064 0 0 1.71619e+19 0 0 0 6.01093 0.412589 0.810918 -6.12356 -0.892467 0.001
2.68203 -5.58204 0 0 1.70557e+19 0 0 0 6.01091 0.424711 0.809234 -6.12524 -0.917401 0.001
2.75462 -5.55264 0 0 1.69495e+19 0 0 0 6.01088 0.436922 0.807502 -6.12696 -0.942231 0.001
2.82702 -5.52245 0 0 1.68424e+19 0 0 0 6.0109 0.44896 0.805716 -6.12879 -0.966994 0.001
2.89911 -5.49135 0 0 1.67373e+19 0 0 0 6.01084 0.461057 0.803893 -6.13059 -0.991653 0.001
2.9709 -5.45945 0 0 1.6632e+19 0 0 0 6.01081 0.473647 0.802024 -6.13245 -1.01621 0.001
3.0425 -5.42666 0 0 1.65275e+19 0 0 0 6.01071 0.485097 0.800104 -6.13434 -1.0407 0.001
3.11369 -5.39316 0 0 1.64219e+19 0 0 0 6.0107 0.497356 0.798133 -6.13634 -1.06505 0.001
3.18468 -5.35876 0 0 1.63167e+19 0 0 0 6.01066 0.509519 0.796115 -6.13838 -1.08933 0.001
3.25537 -5.32357 0 0 1.62112e+19 0 0 0 6.01064 0.52204 0.794044 -6.1405 -1.11351 0.001
3.32567 -5.28747 0 0 1.61081e+19 0 0 0 6.01054 0.534086 0.791942 -6.14257 -1.13756 0.001
3.39566 -5.25057 0 0 1.60044e+19 0 0 0 6.01047 0.546138 0.789788 -6.14474 -1.1615 0.001
3.46535 -5.21288 0 0 1.59001e+19 0 0 0 6.01043 0.558459 0.78758 -6.147 -1.18534 0.001
3.53465 -5.17438 0 0 1.57962e+19 0 0 0 6.0104 0.57205 0.785327 -6.14931 -1.20904 0.001
3.60364 -5.13499 0 0 1.56932e+19 0 0 0 6.01031 0.583379 0.783026 -6.15165 -1.23264 0.001
3.67223 -5.09479 0 0 1.55904e+19 0 0 0 6.01024 0.596025 0.78068 -6.15404 -1.2561 0.001
3.74043 -5.05379 0 0 1.54878e+19 0 0 0 6.01019 0.608758 0.778291 -6.15651 -1.27943 0.001
3.80832 -5.012 0 0 1.53841e+19 0 0 0 6.01019 0.620857 0.77584 -6.15909 -1.30265 0.001
3.87571 -4.9693 0 0 1.52832e+19 0 0 0 6.01009 0.633868 0.773363 -6.16162 -1.3257 0.001
3.94281 -4.92581 0 0 1.51811e+19 0 0 0 6.01005 0.64619 0.770825 -6.16428 -1.34865 0.001
4.0094 -4.88151 0 0 1.508e+19 0 0 0 6.00998 0.65858 0.768247 -6.16698 -1.37143 0.001
4.07559 -4.83642 0 0 1.49786e+19 0 0 0 6.00996 0.669821 0.765619 -6.16976 -1.39407 0.001
4.14139 -4.79042 0 0 1.48783e+19 0 0 0 6.00987 0.683252 0.762946 -6.17256 -1.41658 0.001
4.20668 -4.74363 0 0 1.47788e+19 0 0 0 6.00978 0.695698 0.760232 -6.17541 -1.43891 0.001
4.27147 -4.69613 0 0 1.46786e+19 0 0 0 6.00977 0.708026 0.757467 -6.17838 -1.46108 0.001
4.33587 -4.64764 0 0 1.45806e+19 0 0 0 6.00965 0.721079 0.754666 -6.18132 -1.4831 0.001
4.39976 -4.59844 0 0 1.44816e+19 0 0 0 6.0096 0.732896 0.751811 -6.18439 -1.50496 0.001
4.46315 -4.54845 0 0 1.43831e+19 0 0 0 6.00956 0.745842 0.748911 -6.18753 -1.52664 0.001
4.52605 -4.49755 0 0 1.42863e+19 0 0 0 6.00945 0.758144 0.745973 -6.19067 -1.54815 0.001
4.58844 -4.44596 0 0 1.41884e+19 0 0 0 6.00944 0.770633 0.742981 -6.19396 -1.5695 0.001
4.65023 -4.39346 0 0 1.40931e+19 0 0 0 6.00931 0.782929 0.739961 -6.1972 -1.59063 0.001
4.71153 -4.34017 0 0 1.39979e+19 0 0 0 6.0092 0.796635 0.736891 -6.20052 -1.6116 0.001
4.77232 -4.28617 0 0 1.39013e+19 0 0 0 6.00921 0.808459 0.733766 -6.20402 -1.63239 0.001
4.83252 -4.23128 0 0 1.38072e+19 0 0 0 6.00911 0.821322 0.730607 -6.20748 -1.65298 0.001
4.89211 -4.17558 0 0 1.3714e+19 0 0 0 6.00898 0.834121 0.72741 -6.21098 -1.67337 0.001
4.9512 -4.11919 0 0 1.36192e+19 0 0 0 6.009 0.846357 0.724156 -6.21468 -1.69358 0.001
5.0096 -4.06189 0 0 1.35278e+19 0 0 0 6.00884 0.859826 0.720875 -6.21829 -1.71356 0.001
5.06739 -4.0039 0 0 1.3436e+19 0 0 0 6.00876 0.872273 0.717548 -6.22202 -1.73332 0.001
5.12459 -3.94511 0 0 1.33446e+19 0 0 0 6.00869 0.884942 0.714178 -6.22583 -1.75289 0.001
5.18118 -3.88551 0 0 1.32538e+19 0 0 0 6.00862 0.897927 0.710764 -6.22971 -1.77225 0.001
5.23708 -3.82522 0 0 1.31636e+19 0 0 0 6.00857 0.910095 0.707314 -6.23367 -1.79136 0.001
5.29237 -3.76412 0 0 1.30738e+19 0 0 0 6.00852 0.923925 0.703814 -6.23772 -1.81028 0.001
5.34697 -3.70223 0 0 1.29855e+19 0 0 0 6.00844 0.93724 0.700281 -6.24179 -1.82895 0.001
5.40086 -3.63964 0 0 1.28975e+19 0 0 0 6.0084 0.948612 0.696711 -6.24595 -1.84739 0.001
5.45405 -3.57624 0 0 1.2811e+19 0 0 0 6.00828 0.962562 0.693099 -6.25014 -1.86558 0.001
5.50655 -3.51215 0 0 1.27245e+19 0 0 0 6.00823 0.975199 0.689449 -6.25444 -1.88354 0.001
5.55824 -3.44726 0 0 1.26406e+19 0 0 0 6.00807 0.988227 0.685773 -6.25872 -1.90122 0.001
5.60924 -3.38166 0 0 1.25568e+19 0 0 0 6.00796 1.00147 0.682053 -6.2631 -1.91866 0.001
5.65953 -3.31537 0 0 1.24727e+19 0 0 0 6.00791 1.01454 0.678289 -6.26761 -1.93587 0.001
5.70903 -3.24828 0 0 1.23909e+19 0 0 0 6.00778 1.02666 0.674499 -6.27212 -1.9528 0.001
5.75782 -3.18058 0 0 1.23079e+19 0 0 0 6.00778 1.03985 0.670658 -6.27681 -1.96949 0.001
5.80572 -3.11209 0 0 1.22282e+19 0 0 0 6.00762 1.053 0.6668 -6.28144 -1.98587 0.001
5.85291 -3.0429 0 0 1.21481e+19 0 0 0 6.00754 1.06655 0.662894 -6.28621 -2.00201 0.001
5.89921 -2.9731 0 0 1.20693e+19 0 0 0 6.00745 1.07915 0.658963 -6.29102 -2.01785 0.001
5.94471 -2.90251 0 0 1.19922e+19 0 0 0 6.00731 1.0918 0.655001 -6.29588 -2.03341 0.001
5.9894 -2.83132 0 0 1.19148e+19 0 0 0 6.00723 1.10548 0.650996 -6.30086 -2.0487 0.001
6.0333 -2.75952 0 0 1.18372e+19 0 0 0 6.00725 1.12001 0.646956 -6.30599 -2.06372 0.001
6.07619 -2.68693 0 0 1.17637e+19 0 0 0 6.00706 1.13198 0.642901 -6.31101 -2.07839 0.001
6.11829 -2.61374 0 0 1.16898e+19 0 0 0 6.00695 1.14517 0.638806 -6.31618 -2.09279 0.001
6.15948 -2.53995 0 0 1.16168e+19 0 0 0 6.00687 1.15727 0.634685 -6.32143 -2.10688 0.001
6.19978 -2.46555 0 0 1.15446e+19 0 0 0 6.00678 1.17244 0.630532 -6.32676 -2.12066 0.001
6.23918 -2.39046 0 0 1.14739e+19 0 0 0 6.00666 1.18456 0.62635 -6.33214 -2.13414 0.001
6.27767 -2.31487 0 0 1.14032e+19 0 0 0 6.00664 1.1968 0.62214 -6.33765 -2.14731 0.001
6.31517 -2.23858 0 0 1.13352e+19 0 0 0 6.00649 1.21222 0.617909 -6.34314 -2.16013 0.001
6.35176 -2.16168 0 0 1.12677e+19 0 0 0 6.00636 1.22432 0.613645 -6.34873 -2.17265 0.001
6.38746 -2.08429 0 0 1.12e+19 0 0 0 6.00634 1.23726 0.60935 -6.35447 -2.18486 0.001
6.42206 -2.0063 0 0 1.11354e+19 0 0 0 6.00618 1.25053 0.605047 -6.36016 -2.19669 0.001
6.45575 -1.92781 0 0 1.10706e+19 0 0 0 6.00613 1.26538 0.600713 -6.36601 -2.20822 0.001
6.48845 -1.84872 0 0 1.10074e+19 0 0 0 6.00601 1.27746 0.596352 -6.37189 -2.2194 0.001
6.52015 -1.76912 0 0 1.09451e+19 0 0 0 6.00592 1.29094 0.591971 -6.37787 -2.23024 0.001
6.55074 -1.68903 0 0 1.08851e+19 0 0 0 6.00576 1.30451 0.587581 -6.38384 -2.24071 0.001
6.58044 -1.60834 0 0 1.08249e+19 0 0 0 6.00568 1.31728 0.583154 -6.38997 -2.25087 0.001
6.60904 -1.52725 0 0 1.07665e+19 0 0 0 6.00557 1.33037 0.578716 -6.39613 -2.26065 0.001
6.63664 -1.44566 0 0 1.07087e+19 0 0 0 6.0055 1.34423 0.574255 -6.4024 -2.27009 0.001
6.66313 -1.36366 0 0 1.06525e+19 0 0 0 6.00541 1.35673 0.569783 -6.40871 -2.27915 0.001
6.68853 -1.28117 0 0 1.05983e+19 0 0 0 6.00525 1.3704 0.565297 -6.41505 -2.28784 0.001
6.71293 -1.19828 0 0 1.0544e+19 0 0 0 6.00519 1.38381 0.560787 -6.42153 -2.29619 0.001
6.73623 -1.11489 0 0 1.04916e+19 0 0 0 6.00508 1.39806 0.556263 -6.42805 -2.30416 0.001
6.75842 -1.0311 0 0 1.04404e+19 0 0 0 6.00497 1.41058 0.551727 -6.43464 -2.31175 0.001
6.77952 -0.946985 0 0 1.03902e+19 0 0 0 6.00488 1.42491 0.547179 -6.44131 -2.31896 0.001
6.79952 -0.862464 0 0 1.03412e+19 0 0 0 6.0048 1.43845 0.542617 -6.44804 -2.32581 0.001
6.81832 -0.777582 0 0 1.02947e+19 0 0 0 6.00464 1.45025 0.538056 -6.45478 -2.33224 0.001
6.83612 -0.692351 0 0 1.02477e+19 0 0 0 6.0046 1.46581 0.533468 -6.4617 -2.33832 0.001
6.85271 -0.606789 0 0 1.02028e+19 0 0 0 6.00448 1.47755 0.528878 -6.46861 -2.344 0.001
6.86811 -0.520918 0 0 1.01601e+19 0 0 0 6.00432 1.4908 0.524289 -6.47555 -2.34927 0.001
6.88241 -0.434747 0 0 1.0118e+19 0 0 0 6.00421 1.50577 0.519688 -6.48259 -2.35416 0.001
6.89561 -0.348295 0 0 1.00764e+19 0 0 0 6.00414 1.51773 0.515072 -6.48975 -2.35867 0.001
6.90761 -0.261584 0 0 1.00366e+19 0 0 0 6.00405 1.53132 0.510457 -6.49694 -2.36278 0.001
6.91841 -0.174613 0 0 9.9986e+18 0 0 0 6.00394 1.54576 0.505843 -6.50417 -2.36647 0.001
6.92801 -0.0874143 0 0 9.96227e+18 0 0 0 6.00379 1.55738 0.501229 -6.51143 -2.36975 0.001
6.93651 7.70103e-16 0 0 9.92616e+18 0 0 0 6.00371 1.57298 0.496601 -6.51883 -2.37266 0.001
6.94381 0.0876132 0 0 9.89154e+18 0 0 0 6.00363 1.58633 0.491976 -6.52628 -2.37516 0.001
6.9498 0.175402 0 0 9.85981e+18 0 0 0 6.00344 1.59971 0.487364 -6.53369 -2.37721 0.001
6.9547 0.263364 0 0 9.82811e+18 0 0 0 6.00334 1.61214 0.48274 -6.54124 -2.37889 0.001
6.9584 0.351475 0 0 9.79778e+18 0 0 0 6.00327 1.62645 0.478122 -6.54885 -2.38015 0.001
6.9609 0.439706 0 0 9.76873e+18 0 0 0 6.00316 1.63887 0.473502 -6.55652 -2.38101 0.001
6.9621 0.528047 0 0 9.74233e+18 0 0 0 6.003 1.65326 0.468903 -6.56417 -2.38142 0.001
6.9622 0.616488 0 0 9.71577e+18 0 0 0 6.00292 1.66551 0.464291 -6.57197 -2.38145 0.001
6.961 0.705009 0 0 9.69174e+18 0 0 0 6.00277 1.67904 0.459697 -6.57974 -2.38104 0.001
6.9587 0.793581 0 0 9.66752e+18 0 0 0 6.00274 1.69344 0.455097 -6.58768 -2.38025 0.001
6.9551 0.882202 0 0 9.64579e+18 0 0 0 6.00264 1.70646 0.450516 -6.59559 -2.37902 0.001
6.9503 0.970833 0 0 9.62516e+18 0 0 0 6.00254 1.71967 0.44594 -6.60357 -2.37738 0.001
6.94421 1.05949 0 0 9.60695e+18 0 0 0 6.00237 1.73336 0.441382 -6.61153 -2.3753 0.001
6.93691 1.14809 0 0 9.58988e+18 0 0 0 6.00224 1.74703 0.436837 -6.61955 -2.3728 0.001
6.92841 1.23668 0 0 9.57384e+18 0 0 0 6.00213 1.75902 0.432299 -6.62764 -2.36989 0.001
6.91871 1.32527 0 0 9.55877e+18 0 0 0 6.00205 1.77296 0.427768 -6.63582 -2.36657 0.001
6.90781 1.41376 0 0 9.54481e+18 0 0 0 6.00199 1.78715 0.42325 -6.64405 -2.36285 0.001
6.89561 1.50215 0 0 9.53329e+18 0 0 0 6.00186 1.79936 0.418756 -6.65225 -2.35867 0.001
6.88221 1.59044 0 0 9.52284e+18 0 0 0 6.00177 1.81235 0.414276 -6.66052 -2.35409 0.001
6.86761 1.67853 0 0 9.51366e+18 0 0 0 6.00167 1.82699 0.409814 -6.66883 -2.3491 0.001
6.85171 1.76662 0 0 9.50663e+18 0 0 0 6.00153 1.83989 0.405369 -6.67714 -2.34366 0.001
6.83462 1.85441 0 0 9.50101e+18 0 0 0 6.0014 1.8524 0.400952 -6.68547 -2.33781 0.001
6.81632 1.94211 0 0 9.4964e+18 0 0 0 6.00129 1.86708 0.396545 -6.69386 -2.33155 0.001
6.79682 2.0297 0 0 9.49269e+18 0 0 0 6.00123 1.88026 0.39215 -6.70234 -2.32488 0.001
6.77612 2.11689 0 0 9.49078e+18 0 0 0 6.00116 1.8919 0.38779 -6.7108 -2.3178 0.001
6.75412 2.20398 0 0 9.49104e+18 0 0 0 6.00101 1.90648 0.38345 -6.71925 -2.31028 0.001
6.73103 2.29077 0 0 9.49147e+18 0 0 0 6.00097 1.92019 0.379127 -6.72781 -2.30238 0.001
6.70663 2.37736 0 0 9.49432e+18 0 0 0 6.00085 1.93215 0.37483 -6.73634 -2.29403 0.001
6.68103 2.46355 0 0 9.49904e+18 0 0 0 6.00073 1.94488 0.37057 -6.74484 -2.28528 0.001
6.65423 2.54955 0 0 9.5048e+18 0 0 0 6.0006 1.95937 0.366324 -6.7534 -2.27611 0.001
6.62634 2.63514 0 0 9.51116e+18 0 0 0 6.00056 1.97215 0.362103 -6.76203 -2.26657 0.001
6.59714 2.72043 0 0 9.52017e+18 0 0 0 6.00043 1.98522 0.357918 -6.7706 -2.25658 0.001
6.56674 2.80542 0 0 9.53059e+18 0 0 0 6.0003 1.99895 0.353756 -6.77918 -2.24618 0.001
6.53525 2.88991 0 0 9.54207e+18 0 0 0 6.00021 2.01265 0.349628 -6.78779 -2.23541 0.001
6.50255 2.9741 0 0 9.55494e+18 0 0 0 6.00012 2.02512 0.345523 -6.79643 -2.22423 0.001
6.46865 3.05789 0 0 9.56972e+18 0 0 0 6.00001 2.03839 0.341451 -6.80504 -2.21263 0.001
6.43366 3.14129 0 0 9.58497e+18 0 0 0 5.99997 2.05082 0.337402 -6.81373 -2.20066 0.001
6.39746 3.22418 0 0 9.60252e+18 0 0 0 5.99987 2.0652 0.333395 -6.82235 -2.18828 0.001
6.36016 3.30657 0 0 9.62123e+18 0 0 0 5.99979 2.07648 0.329419 -6.83099 -2.17552 0.001
6.32167 3.38856 0 0 9.64175e+18 0 0 0 5.99969 2.09015 0.325474 -6.83961 -2.16235 0.001
6.28197 3.47005 0 0 9.6646e+18 0 0 0 5.99954 2.10394 0.321571 -6.84817 -2.14878 0.001
6.24128 3.55104 0 0 9.68735e+18 0 0 0 5.99951 2.11749 0.317689 -6.85683 -2.13486 0.001
6.19938 3.63154 0 0 9.71241e+18 0 0 0 5.99939 2.12876 0.313847 -6.86542 -2.12052 0.001
6.15638 3.71143 0 0 9.73919e+18 0 0 0 5.99927 2.1424 0.310045 -6.87398 -2.10582 0.001
6.11229 3.79082 0 0 9.7671e+18 0 0 0 5.99918 2.15571 0.306274 -6.88255 -2.09073 0.001
6.06709 3.86971 0 0 9.79603e+18 0 0 0 5.99912 2.16864 0.302534 -6.89114 -2.07528 0.001
6.0209 3.94791 0 0 9.82623e+18 0 0 0 5.99909 2.1816 0.298835 -6.89971 -2.05947 0.001
5.9735 4.0255 0 0 9.85948e+18 0 0 0 5.99894 2.19429 0.295183 -6.90817 -2.04326 0.001
5.92511 4.10249 0 0 9.89328e+18 0 0 0 5.99886 2.20704 0.291563 -6.91665 -2.02671 0.001
5.87561 4.17888 0 0 9.92873e+18 0 0 0 5.99877 2.2193 0.287983 -6.9251 -2.00978 0.001
5.82502 4.25467 0 0 9.96606e+18 0 0 0 5.99867 2.23177 0.284442 -6.93351 -1.99247 0.001
5.77352 4.32977 0 0 1.00035e+19 0 0 0 5.99864 2.24502 0.280931 -6.94196 -1.97486 0.001
5.72093 4.40416 0 0 1.00434e+19 0 0 0 5.99856 2.25769 0.277471 -6.9503 -1.95687 0.001
5.66723 4.47785 0 0 1.00859e+19 0 0 0 5.99839 2.27121 0.274058 -6.95854 -1.9385 0.001
5.61264 4.55094 0 0 1.01278e+19 0 0 0 5.9984 2.28283 0.270669 -6.96689 -1.91983 0.001
5.55704 4.62324 0 0 1.0172e+19 0 0 0 5.99832 2.29607 0.267329 -6.97513 -1.90081 0.001
5.50045 4.69483 0 0 1.02175e+19 0 0 0 5.99827 2.30841 0.264029 -6.98333 -1.88145 0.001
5.44286 4.76562 0 0 1.02653e+19 0 0 0 5.99816 2.32251 0.260779 -6.99143 -1.86175 0.001
5.38426 4.83572 0 0 1.03145e+19 0 0 0 5.99807 2.33364 0.257569 -6.9995 -1.84171 0.001
5.32477 4.90501 0 0 1.03649e+19 0 0 0 5.99797 2.34752 0.2544 -7.00752 -1.82136 0.001
5.26427 4.9736 0 0 1.04166e+19 0 0 0 5.9979 2.35974 0.251271 -7.01551 -1.80067 0.001
5.20288 5.0413 0 0 1.04705e+19 0 0 0 5.99778 2.37239 0.248195 -7.02338 -1.77967 0.001
5.14059 5.10829 0 0 1.05247e+19 0 0 0 5.99775 2.38526 0.24515 -7.03128 -1.75836 0.001
5.07739 5.17438 0 0 1.05811e+19 0 0 0 5.99768 2.39738 0.242158 -7.03906 -1.73674 0.001
5.0133 5.23968 0 0 1.06387e+19 0 0 0 5.99762 2.40977 0.239208 -7.04679 -1.71482 0.001
4.94831 5.30417 0 0 1.06976e+19 0 0 0 5.99758 2.42197 0.236299 -7.05447 -1.69259 0.001
4.88241 5.36776 0 0 1.07587e+19 0 0 0 5.99747 2.43548 0.233442 -7.06203 -1.67005 0.001
4.81572 5.43046 0 0 1.08211e+19 0 0 0 5.9974 2.4484 0.230631 -7.06952 -1.64724 0.001
4.74813 5.49235 0 0 1.08847e+19 0 0 0 5.99734 2.45947 0.227861 -7.07696 -1.62412 0.001
4.67973 5.55334 0 0 1.09496e+19 0 0 0 5.99728 2.47268 0.225135 -7.08433 -1.60072 0.001
4.61054 5.61344 0 0 1.10158e+19 0 0 0 5.99724 2.48466 0.222455 -7.09163 -1.57705 0.001
4.54055 5.67263 0 0 1.10831e+19 0 0 0 5.99722 2.49793 0.219821 -7.09885 -1.55311 0.001
4.46965 5.73083 0 0 1.11541e+19 0 0 0 5.99706 2.5098 0.217248 -7.10586 -1.52886 0.001
4.39806 5.78822 0 0 1.12243e+19 0 0 0 5.99706 2.52268 0.214702 -7.11294 -1.50438 0.001
4.32577 5.84462 0 0 1.12958e+19 0 0 0 5.99703 2.53461 0.212206 -7.1199 -1.47965 0.001
4.25257 5.90001 0 0 1.13709e+19 0 0 0 5.99689 2.54682 0.209772 -7.12665 -1.45461 0.001
4.17878 5.9545 0 0 1.14453e+19 0 0 0 5.99689 2.5589 0.207371 -7.13343 -1.42937 0.001
4.10419 6.008 0 0 1.15224e+19 0 0 0 5.99682 2.57241 0.205026 -7.14004 -1.40386 0.001
4.0289 6.06059 0 0 1.15998e+19 0 0 0 5.99678 2.58401 0.202717 -7.14662 -1.3781 0.001
3.9528 6.11219 0 0 1.16797e+19 0 0 0 5.99672 2.59696 0.200465 -7.15304 -1.35207 0.001
3.87621 6.16268 0 0 1.17607e+19 0 0 0 5.99667 2.60931 0.198263 -7.15935 -1.32588 0.001
3.79882 6.21228 0 0 1.18429e+19 0 0 0 5.99661 2.62018 0.196102 -7.16558 -1.2994 0.001
3.72083 6.26087 0 0 1.1926e+19 0 0 0 5.99661 2.63237 0.193986 -7.17174 -1.27273 0.001
3.64214 6.30837 0 0 1.20119e+19 0 0 0 5.99648 2.64494 0.191929 -7.17769 -1.24581 0.001
3.56284 6.35486 0 0 1.20987e+19 0 0 0 5.99642 2.6569 0.189918 -7.18356 -1.21869 0.001
3.48295 6.40036 0 0 1.21863e+19 0 0 0 5.99639 2.66918 0.187949 -7.18935 -1.19136 0.001
3.40246 6.44486 0 0 1.22746e+19 0 0 0 5.99641 2.68228 0.186025 -7.19507 -1.16383 0.001
3.32137 6.48825 0 0 1.2365e+19 0 0 0 5.99635 2.694 0.184154 -7.20061 -1.13609 0.001
3.23978 6.53055 0 0 1.24569e+19 0 0 0 5.99631 2.70651 0.182336 -7.20602 -1.10818 0.001
3.15748 6.57184 0 0 1.25496e+19 0 0 0 5.99624 2.71785 0.180563 -7.21131 -1.08003 0.001
3.07479 6.61204 0 0 1.26439e+19 0 0 0 5.99622 2.73045 0.178838 -7.2165 -1.05175 0.001
2.9915 6.65113 0 0 1.27399e+19 0 0 0 5.99617 2.74175 0.177168 -7.22151 -1.02326 0.001
2.90771 6.68923 0 0 1.28365e+19 0 0 0 5.99616 2.7546 0.175535 -7.22648 -0.994595 0.001
2.82342 6.72613 0 0 1.29362e+19 0 0 0 5.99608 2.76682 0.173966 -7.23121 -0.965762 0.001
2.73863 6.76202 0 0 1.30346e+19 0 0 0 5.99608 2.779 0.172434 -7.23589 -0.936759 0.001
2.65343 6.79672 0 0 1.31369e+19 0 0 0 5.99599 2.79019 0.17096 -7.24037 -0.907619 0.001
2.56774 6.83042 0 0 1.32374e+19 0 0 0 5.996 2.80277 0.169525 -7.2448 -0.878308 0.001
2.48155 6.86301 0 0 1.33404e+19 0 0 0 5.99601 2.81401 0.168139 -7.24908 -0.848826 0.001
2.39506 6.89441 0 0 1.34451e+19 0 0 0 5.99596 2.82617 0.166808 -7.25319 -0.819241 0.001
2.30807 6.92471 0 0 1.35513e+19 0 0 0 5.99593 2.83804 0.165528 -7.25714 -0.789485 0.001
2.22068 6.9539 0 0 1.36578e+19 0 0 0 5.99588 2.8505 0.164291 -7.26098 -0.759593 0.001
2.13299 6.9819 0 0 1.37664e+19 0 0 0 5.99583 2.86207 0.163113 -7.26464 -0.729597 0.001
2.0449 7.0088 0 0 1.38763e+19 0 0 0 5.9958 2.87402 0.161979 -7.26817 -0.699465 0.001
1.9564 7.0346 0 0 1.39858e+19 0 0 0 5.99577 2.88646 0.16089 -7.27158 -0.669197 0.001
1.86771 7.05919 0 0 1.40972e+19 0 0 0 5.99574 2.89807 0.159855 -7.27483 -0.638859 0.001
1.77862 7.08269 0 0 1.42096e+19 0 0 0 5.99573 2.9102 0.158865 -7.27795 -0.608385 0.001
1.68923 7.10509 0 0 1.43218e+19 0 0 0 5.99577 2.92211 0.157917 -7.28097 -0.577809 0.001
1.59954 7.12619 0 0 1.44378e+19 0 0 0 5.99567 2.93401 0.157038 -7.28371 -0.54713 0.001
1.50955 7.14629 0 0 1.45522e+19 0 0 0 5.99575 2.94562 0.156189 -7.28644 -0.516348 0.001
1.41936 7.16508 0 0 1.46699e+19 0 0 0 5.99567 2.95755 0.155405 -7.28889 -0.485498 0.001
1.32887 7.18278 0 0 1.47875e+19 0 0 0 5.99564 2.96957 0.154663 -7.29125 -0.454545 0.001
1.23828 7.19928 0 0 1.49063e+19 0 0 0 5.99561 2.98158 0.153973 -7.29344 -0.423558 0.001
1.14739 7.21468 0 0 1.50249e+19 0 0 0 5.99564 2.99348 0.153325 -7.29553 -0.392468 0.001
1.05629 7.22888 0 0 1.51453e+19 0 0 0 5.99564 3.00532 0.15273 -7.29743 -0.36131 0.001
0.965033 7.24188 0 0 1.52668e+19 0 0 0 5.99562 3.01714 0.152187 -7.29916 -0.330094 0.001
0.873613 7.25367 0 0 1.53894e+19 0 0 0 5.99558 3.02892 0.151697 -7.30071 -0.298823 0.001
0.782052 7.26437 0 0 1.55118e+19 0 0 0 5.99562 3.04077 0.151246 -7.30218 -0.267504 0.001
0.690351 7.27377 0 0 1.56371e+19 0 0 0 5.99553 3.05267 0.150859 -7.30337 -0.236138 0.001
0.59854 7.28207 0 0 1.57615e+19 0 0 0 5.99554 3.06447 0.150512 -7.30449 -0.204733 0.001
0.506629 7.28927 0 0 1.58855e+19 0 0 0 5.99562 3.07648 0.150204 -7.30553 -0.173295 0.001
0.414629 7.29517 0 0 1.6012e+19 0 0 0 5.99558 3.08821 0.149959 -7.3063 -0.141825 0.001
0.322568 7.29987 0 0 1.61397e+19 0 0 0 5.99554 3.10005 0.149766 -7.30689 -0.110336 0.001
0.230447 7.30347 0 0 1.62663e+19 0 0 0 5.9956 3.11188 0.149613 -7.30741 -0.0788254 0.001
0.138276 7.30587 0 0 1.63941e+19 0 0 0 5.99561 3.12378 0.149509 -7.30776 -0.047298 0.001
0.0460964 7.30697 0 0 1.65247e+19 0 0 0 5.99551 3.1356 0.149469 -7.30783 -0.0157675 0.001
