============================================================ SIMULATION METADATA ============================================================
Spacetime: Kerr
Image Order [-]: 0
Observer Radial Position [M]: 10000
Observer Inclination [Deg]: 20
Observation Frequency [Hz]: 2.3e+11
Active Simulation Mode: 2
Number Of Photons Per Param Value: 500
Number Of Param Values: 1
------------------------------------------------------- Optically Thin Disk Metadata -------------------------------------------------------
Active disk profile: Power law (rho ~ 1 / r^2)
Disk Opening Angle [tan(angle)]: 0.1
R_0 [M]: 4.5
R_Cutoff [M]: 4.5
Cutoff Scale [M]: 0.4
Emission Model: Exact
Disk Magnetization [-]: 0.01
Magnetic Field Geometry: [0.87, 0, 0.5]
Max Electron Temperature [K]: 6.5e+10
Max Disk Density [g / cm^3]: 500000
------------------------------------------------------------- Hotpost Metadata -------------------------------------------------------------
Hotspot Relative Scale [-]: 0
Hotspot Radial Scale [M]: 1
Hotspot r_center [M]: 8
------------------------------------------------------- Novikov-Thorne Disk Metadata -------------------------------------------------------
Inner Disk Radius [M]: 2
Outer Disk Radius [M]: 25
Image X Coord [M], Image Y Coord [M], Novikov-Thorne Disk Redshift [-], Novikov-Thorne Flux [M^-2], Synchotron Intensity I [Jy/sRad] Synchotron Intensity Q [Jy/sRad] Synchotron Intensity U [Jy/sRad] Synchotron Intensity V [Jy/sRad] Source r Coord [M], Source phi Coord [Rad], Radial Momentum (covariant), Theta Momentum (covariant), Phi Momentum (covariant), Spin Parameter
-0.0368943 5.84842 0 0 6.3419e+19 0 0 0 4.4985 -3.1358 0.444777 -5.8491 0.0126199 0.001
-0.110679 5.84742 0 0 6.36006e+19 0 0 0 4.49849 -3.12399 0.444834 -5.84892 0.0378582 0.001
-0.184442 5.84552 0 0 6.37816e+19 0 0 0 4.49853 -3.11218 0.444916 -5.84867 0.063089 0.001
-0.258164 5.84252 0 0 6.3963e+19 0 0 0 4.49845 -3.10026 0.44509 -5.84813 0.0883062 0.001
-0.331847 5.83862 0 0 6.41425e+19 0 0 0 4.49847 -3.08838 0.445292 -5.84752 0.11351 0.001
-0.405469 5.83382 0 0 6.43224e+19 0 0 0 4.49852 -3.07671 0.445518 -5.84683 0.138693 0.001
-0.479022 5.82792 0 0 6.45019e+19 0 0 0 4.49847 -3.06467 0.445838 -5.84586 0.163852 0.001
-0.552485 5.82112 0 0 6.46804e+19 0 0 0 4.49846 -3.05297 0.446183 -5.84481 0.18898 0.001
-0.625847 5.81342 0 0 6.48582e+19 0 0 0 4.49853 -3.04113 0.446558 -5.84367 0.214074 0.001
-0.6991 5.80462 0 0 6.50354e+19 0 0 0 4.49849 -3.02917 0.447026 -5.84226 0.23913 0.001
-0.772213 5.79492 0 0 6.52115e+19 0 0 0 4.49851 -3.01732 0.447523 -5.84076 0.264139 0.001
-0.845205 5.78432 0 0 6.53873e+19 0 0 0 4.49859 -3.00565 0.448049 -5.83918 0.289106 0.001
-0.918028 5.77262 0 0 6.55614e+19 0 0 0 4.49851 -2.99367 0.448669 -5.83731 0.314016 0.001
-0.990691 5.76002 0 0 6.57346e+19 0 0 0 4.49852 -2.98165 0.449321 -5.83535 0.33887 0.001
-1.06319 5.74653 0 0 6.59087e+19 0 0 0 4.49859 -2.9699 0.450003 -5.83331 0.36367 0.001
-1.13549 5.73203 0 0 6.60806e+19 0 0 0 4.49859 -2.95796 0.450749 -5.83107 0.388398 0.001
-1.20758 5.71653 0 0 6.62515e+19 0 0 0 4.49857 -2.94621 0.451561 -5.82865 0.413058 0.001
-1.27937 5.70013 0 0 6.64213e+19 0 0 0 4.49857 -2.93413 0.452412 -5.82611 0.437615 0.001
-1.35106 5.68283 0 0 6.65907e+19 0 0 0 4.49867 -2.92253 0.453292 -5.8235 0.462138 0.001
-1.42246 5.66453 0 0 6.67582e+19 0 0 0 4.49865 -2.91043 0.454239 -5.82069 0.486558 0.001
-1.49355 5.64524 0 0 6.69256e+19 0 0 0 4.49861 -2.89827 0.45526 -5.81766 0.510875 0.001
-1.56444 5.62514 0 0 6.70902e+19 0 0 0 4.49871 -2.88691 0.456283 -5.81465 0.535125 0.001
-1.63504 5.60404 0 0 6.72543e+19 0 0 0 4.49874 -2.87492 0.457378 -5.81142 0.559271 0.001
-1.70533 5.58194 0 0 6.74177e+19 0 0 0 4.4987 -2.86226 0.458544 -5.80799 0.583315 0.001
-1.77522 5.55894 0 0 6.75796e+19 0 0 0 4.49864 -2.85058 0.459758 -5.80443 0.607223 0.001
-1.84492 5.53515 0 0 6.77399e+19 0 0 0 4.49878 -2.83828 0.460977 -5.80087 0.631061 0.001
-1.91421 5.51035 0 0 6.78997e+19 0 0 0 4.49876 -2.827 0.462275 -5.79709 0.654763 0.001
-1.9832 5.48465 0 0 6.80568e+19 0 0 0 4.4988 -2.81469 0.463614 -5.79319 0.678363 0.001
-2.05179 5.45795 0 0 6.82132e+19 0 0 0 4.49875 -2.80252 0.465036 -5.78907 0.701825 0.001
-2.11999 5.43046 0 0 6.8368e+19 0 0 0 4.49879 -2.79023 0.46648 -5.78491 0.725151 0.001
-2.18788 5.40206 0 0 6.85222e+19 0 0 0 4.49883 -2.77881 0.467963 -5.78064 0.748374 0.001
-2.25527 5.37276 0 0 6.86736e+19 0 0 0 4.49884 -2.76657 0.46951 -5.7762 0.771426 0.001
-2.32237 5.34257 0 0 6.88241e+19 0 0 0 4.49892 -2.754 0.471099 -5.77167 0.794376 0.001
-2.38896 5.31147 0 0 6.89733e+19 0 0 0 4.49891 -2.74202 0.47275 -5.76696 0.817155 0.001
-2.45515 5.27947 0 0 6.91206e+19 0 0 0 4.49891 -2.72983 0.474454 -5.76213 0.839796 0.001
-2.52085 5.24668 0 0 6.92664e+19 0 0 0 4.49894 -2.71783 0.476192 -5.75722 0.862267 0.001
-2.58614 5.21298 0 0 6.94106e+19 0 0 0 4.49896 -2.70569 0.477982 -5.75218 0.884601 0.001
-2.65093 5.17848 0 0 6.95531e+19 0 0 0 4.49902 -2.69404 0.479808 -5.74706 0.906764 0.001
-2.71523 5.14309 0 0 6.96936e+19 0 0 0 4.49903 -2.68228 0.481699 -5.74177 0.928756 0.001
-2.77902 5.10679 0 0 6.98325e+19 0 0 0 4.499 -2.6699 0.483656 -5.73632 0.950577 0.001
-2.84232 5.06969 0 0 6.99701e+19 0 0 0 4.499 -2.65755 0.485651 -5.7308 0.972226 0.001
-2.90511 5.0318 0 0 7.01054e+19 0 0 0 4.49906 -2.64518 0.487683 -5.7252 0.993705 0.001
-2.9674 4.9931 0 0 7.02397e+19 0 0 0 4.49914 -2.63292 0.489751 -5.71953 1.01501 0.001
-3.0291 4.9535 0 0 7.03711e+19 0 0 0 4.49913 -2.62111 0.4919 -5.71365 1.03612 0.001
-3.09029 4.91321 0 0 7.05018e+19 0 0 0 4.49925 -2.60792 0.49406 -5.70779 1.05705 0.001
-3.15078 4.87201 0 0 7.06294e+19 0 0 0 4.49917 -2.59687 0.496312 -5.70168 1.07774 0.001
-3.21088 4.83002 0 0 7.07558e+19 0 0 0 4.49924 -2.58343 0.498591 -5.69555 1.0983 0.001
-3.27027 4.78732 0 0 7.08812e+19 0 0 0 4.49929 -2.5729 0.50091 -5.68934 1.11861 0.001
-3.32907 4.74383 0 0 7.10029e+19 0 0 0 4.49932 -2.55895 0.503282 -5.68301 1.13872 0.001
-3.38726 4.69953 0 0 7.11234e+19 0 0 0 4.4993 -2.54741 0.505708 -5.67656 1.15863 0.001
-3.44486 4.65443 0 0 7.12418e+19 0 0 0 4.49933 -2.53581 0.508191 -5.67001 1.17833 0.001
-3.50185 4.60864 0 0 7.13588e+19 0 0 0 4.49938 -2.52218 0.510699 -5.66343 1.19782 0.001
-3.55814 4.56214 0 0 7.14733e+19 0 0 0 4.49945 -2.51094 0.513254 -5.65676 1.21708 0.001
-3.61384 4.51485 0 0 7.15864e+19 0 0 0 4.4995 -2.49708 0.515863 -5.64999 1.23613 0.001
-3.66883 4.46685 0 0 7.16966e+19 0 0 0 4.49955 -2.48654 0.518519 -5.64313 1.25494 0.001
-3.72313 4.41816 0 0 7.18051e+19 0 0 0 4.49957 -2.47361 0.52122 -5.63619 1.27351 0.001
-3.77672 4.36866 0 0 7.19117e+19 0 0 0 4.49952 -2.46062 0.523994 -5.62909 1.29184 0.001
-3.82962 4.31857 0 0 7.2016e+19 0 0 0 4.49956 -2.44757 0.526792 -5.62198 1.30994 0.001
-3.88191 4.26777 0 0 7.21179e+19 0 0 0 4.49967 -2.43666 0.52962 -5.61486 1.32782 0.001
-3.93341 4.21628 0 0 7.22186e+19 0 0 0 4.49966 -2.42297 0.532512 -5.60759 1.34544 0.001
-3.9842 4.16408 0 0 7.23159e+19 0 0 0 4.49968 -2.41069 0.535454 -5.60025 1.36281 0.001
-4.0342 4.11129 0 0 7.2412e+19 0 0 0 4.49969 -2.39805 0.53844 -5.59284 1.37991 0.001
-4.08349 4.05789 0 0 7.25059e+19 0 0 0 4.49976 -2.38523 0.541451 -5.58543 1.39678 0.001
-4.13209 4.0038 0 0 7.25976e+19 0 0 0 4.49983 -2.3729 0.54451 -5.57794 1.4134 0.001
-4.17988 3.94901 0 0 7.26864e+19 0 0 0 4.49984 -2.36064 0.54764 -5.57032 1.42975 0.001
-4.22688 3.89371 0 0 7.27738e+19 0 0 0 4.49989 -2.34737 0.550792 -5.5627 1.44582 0.001
-4.27307 3.83782 0 0 7.28586e+19 0 0 0 4.49994 -2.33397 0.553991 -5.55502 1.46162 0.001
-4.31857 3.78122 0 0 7.29411e+19 0 0 0 4.49996 -2.32223 0.557237 -5.54726 1.47718 0.001
-4.36316 3.72413 0 0 7.30209e+19 0 0 0 4.49999 -2.30856 0.560532 -5.53945 1.49244 0.001
-4.40706 3.66643 0 0 7.31e+19 0 0 0 4.50004 -2.29712 0.563849 -5.53164 1.50745 0.001
-4.45005 3.60824 0 0 7.31753e+19 0 0 0 4.5001 -2.28465 0.567217 -5.52376 1.52216 0.001
-4.49225 3.54945 0 0 7.32495e+19 0 0 0 4.50014 -2.27222 0.570634 -5.51582 1.53659 0.001
-4.53365 3.49015 0 0 7.3321e+19 0 0 0 4.5002 -2.25802 0.574074 -5.50788 1.55075 0.001
-4.57414 3.43026 0 0 7.33894e+19 0 0 0 4.50019 -2.24535 0.577588 -5.49981 1.56461 0.001
-4.61384 3.36996 0 0 7.34568e+19 0 0 0 4.50027 -2.23249 0.581108 -5.49181 1.57818 0.001
-4.65263 3.30907 0 0 7.3521e+19 0 0 0 4.50028 -2.21897 0.584701 -5.48368 1.59145 0.001
-4.69063 3.24778 0 0 7.35832e+19 0 0 0 4.50038 -2.20868 0.588301 -5.47561 1.60445 0.001
-4.72773 3.18598 0 0 7.36435e+19 0 0 0 4.5004 -2.19481 0.591951 -5.46747 1.61714 0.001
-4.76392 3.12369 0 0 7.37007e+19 0 0 0 4.50041 -2.18279 0.595656 -5.45926 1.62952 0.001
-4.79932 3.06099 0 0 7.37567e+19 0 0 0 4.5005 -2.16767 0.599367 -5.45112 1.64163 0.001
-4.83372 2.9979 0 0 7.38089e+19 0 0 0 4.5005 -2.1563 0.603138 -5.44288 1.65339 0.001
-4.86731 2.93431 0 0 7.38598e+19 0 0 0 4.50057 -2.14204 0.606938 -5.43465 1.66489 0.001
-4.90001 2.87031 0 0 7.39078e+19 0 0 0 4.50065 -2.13108 0.610774 -5.42642 1.67607 0.001
-4.93171 2.80602 0 0 7.39528e+19 0 0 0 4.50066 -2.11737 0.614649 -5.41814 1.68691 0.001
-4.9626 2.74123 0 0 7.39963e+19 0 0 0 4.50072 -2.1031 0.618553 -5.40987 1.69748 0.001
-4.9925 2.67613 0 0 7.40357e+19 0 0 0 4.50074 -2.09076 0.622502 -5.40156 1.70771 0.001
-5.0215 2.61064 0 0 7.40726e+19 0 0 0 4.50078 -2.07861 0.626488 -5.39324 1.71763 0.001
-5.04959 2.54485 0 0 7.41065e+19 0 0 0 4.50084 -2.06559 0.630492 -5.38495 1.72724 0.001
-5.07679 2.47875 0 0 7.41369e+19 0 0 0 4.50093 -2.05091 0.634515 -5.37669 1.73654 0.001
-5.10299 2.41226 0 0 7.41617e+19 0 0 0 4.50094 -2.03941 0.638603 -5.36834 1.7455 0.001
-5.12829 2.34557 0 0 7.41817e+19 0 0 0 4.50101 -2.02552 0.642695 -5.36006 1.75415 0.001
-5.15258 2.27857 0 0 7.4195e+19 0 0 0 4.50103 -2.0117 0.646835 -5.35173 1.76246 0.001
-5.17598 2.21128 0 0 7.42002e+19 0 0 0 4.50107 -1.99921 0.650997 -5.34343 1.77047 0.001
-5.19848 2.14369 0 0 7.41961e+19 0 0 0 4.50119 -1.98451 0.655184 -5.33517 1.77816 0.001
-5.21998 2.07589 0 0 7.41786e+19 0 0 0 4.50123 -1.97161 0.659402 -5.32689 1.78552 0.001
-5.24048 2.0078 0 0 7.41435e+19 0 0 0 4.50121 -1.96035 0.66367 -5.31855 1.79253 0.001
-5.26007 1.93961 0 0 7.4091e+19 0 0 0 4.5013 -1.94501 0.667934 -5.31032 1.79923 0.001
-5.27867 1.87111 0 0 7.40108e+19 0 0 0 4.50129 -1.93296 0.672246 -5.30203 1.80559 0.001
-5.29637 1.80252 0 0 7.39009e+19 0 0 0 4.50138 -1.92025 0.676555 -5.29384 1.81165 0.001
-5.31307 1.73373 0 0 7.37505e+19 0 0 0 4.50144 -1.90731 0.680902 -5.28563 1.81736 0.001
-5.32877 1.66473 0 0 7.35491e+19 0 0 0 4.50144 -1.89385 0.685288 -5.2774 1.82273 0.001
-5.34357 1.59564 0 0 7.32909e+19 0 0 0 4.50153 -1.87984 0.689672 -5.26926 1.82779 0.001
-5.35736 1.52645 0 0 7.29581e+19 0 0 0 4.50161 -1.86837 0.694084 -5.26113 1.83251 0.001
-5.37016 1.45715 0 0 7.25366e+19 0 0 0 4.50163 -1.85495 0.698523 -5.253 1.83689 0.001
-5.38206 1.38766 0 0 7.20125e+19 0 0 0 4.50171 -1.84177 0.702974 -5.24492 1.84096 0.001
-5.39296 1.31817 0 0 7.13656e+19 0 0 0 4.50177 -1.82554 0.707443 -5.23688 1.84469 0.001
-5.40286 1.24858 0 0 7.05703e+19 0 0 0 4.50179 -1.81477 0.711941 -5.22882 1.84807 0.001
-5.41186 1.17888 0 0 6.96182e+19 0 0 0 4.50186 -1.80025 0.71644 -5.22085 1.85115 0.001
-5.41986 1.10919 0 0 6.84771e+19 0 0 0 4.50193 -1.78736 0.720962 -5.2129 1.85389 0.001
-5.42686 1.0395 0 0 6.71249e+19 0 0 0 4.50196 -1.77267 0.725506 -5.20496 1.85628 0.001
-5.43296 0.969753 0 0 6.55541e+19 0 0 0 4.50204 -1.76033 0.730046 -5.19711 1.85837 0.001
-5.43806 0.90002 0 0 6.37334e+19 0 0 0 4.50211 -1.74652 0.734611 -5.18927 1.86011 0.001
-5.44216 0.830307 0 0 6.16438e+19 0 0 0 4.50212 -1.73365 0.739198 -5.18143 1.86151 0.001
-5.44536 0.760624 0 0 5.93024e+19 0 0 0 4.50221 -1.71947 0.743778 -5.1737 1.86261 0.001
-5.44756 0.690981 0 0 5.66803e+19 0 0 0 4.50225 -1.70718 0.748381 -5.16596 1.86336 0.001
-5.44876 0.621388 0 0 5.37796e+19 0 0 0 4.50224 -1.69282 0.753007 -5.15823 1.86377 0.001
-5.44906 0.551875 0 0 5.06475e+19 0 0 0 4.50232 -1.68119 0.757627 -5.15061 1.86387 0.001
-5.44846 0.482452 0 0 4.73127e+19 0 0 0 4.50239 -1.66694 0.762234 -5.14306 1.86367 0.001
-5.44686 0.413119 0 0 4.37674e+19 0 0 0 4.50244 -1.65236 0.766866 -5.13552 1.86312 0.001
-5.44436 0.343906 0 0 4.00933e+19 0 0 0 4.50252 -1.63939 0.771488 -5.12807 1.86227 0.001
-5.44086 0.274823 0 0 3.62941e+19 0 0 0 4.50255 -1.62636 0.776134 -5.12062 1.86107 0.001
-5.43646 0.205869 0 0 3.2464e+19 0 0 0 4.50263 -1.61396 0.780774 -5.11325 1.85956 0.001
-5.43106 0.137076 0 0 2.86154e+19 0 0 0 4.50263 -1.60074 0.785436 -5.10587 1.85772 0.001
-5.42486 0.0684482 0 0 2.48868e+19 0 0 0 4.50273 -1.5861 0.790057 -5.09866 1.8556 0.001
-5.41766 6.0148e-16 0 0 2.1241e+19 0 0 0 4.50279 -1.57154 0.794705 -5.09144 1.85313 0.001
-5.40956 -0.0682552 0 0 1.77633e+19 0 0 0 4.50286 -1.55955 0.799347 -5.08429 1.85036 0.001
-5.40056 -0.136306 0 0 1.44875e+19 0 0 0 4.50291 -1.54614 0.803982 -5.0772 1.84728 0.001
-5.39056 -0.20413 0 0 1.14192e+19 0 0 0 4.50289 -1.53214 0.808643 -5.07008 1.84386 0.001
-5.37976 -0.271733 0 0 8.74265e+18 0 0 0 4.50298 -1.51974 0.81327 -5.06312 1.84017 0.001
-5.36806 -0.339086 0 0 6.86717e+18 0 0 0 4.50305 -1.50516 0.817892 -5.05621 1.83617 0.001
-5.35546 -0.406189 0 0 6.78315e+18 0 0 0 4.50313 -1.49349 0.822515 -5.04936 1.83186 0.001
-5.34197 -0.473023 0 0 9.66536e+18 0 0 0 4.50317 -1.47745 0.827133 -5.04254 1.82724 0.001
-5.32757 -0.539566 0 0 1.69238e+19 0 0 0 4.50319 -1.46394 0.831752 -5.03577 1.82232 0.001
-5.31237 -0.605829 0 0 3.14164e+19 0 0 0 4.50327 -1.45245 0.836339 -5.02912 1.81712 0.001
-5.29627 -0.671783 0 0 5.2895e+19 0 0 0 4.50332 -1.43774 0.840928 -5.0225 1.81161 0.001
-5.27927 -0.737426 0 0 6.86504e+19 0 0 0 4.50332 -1.42513 0.845521 -5.0159 1.8058 0.001
-5.26147 -0.80274 0 0 7.29989e+19 0 0 0 4.50338 -1.41119 0.850088 -5.00941 1.79971 0.001
-5.24288 -0.867723 0 0 7.33473e+19 0 0 0 4.50346 -1.39792 0.854627 -5.00302 1.79335 0.001
-5.22338 -0.932357 0 0 7.3296e+19 0 0 0 4.50351 -1.3836 0.859176 -4.99663 1.78668 0.001
-5.20308 -0.99662 0 0 7.3238e+19 0 0 0 4.50354 -1.37079 0.863701 -4.99033 1.77974 0.001
-5.18198 -1.06049 0 0 7.31773e+19 0 0 0 4.50359 -1.35852 0.868206 -4.9841 1.77252 0.001
-5.16008 -1.12409 0 0 7.31151e+19 0 0 0 4.50371 -1.346 0.87269 -4.97798 1.76503 0.001
-5.13729 -1.18718 0 0 7.30521e+19 0 0 0 4.50365 -1.33061 0.877189 -4.9718 1.75723 0.001
-5.11379 -1.24987 0 0 7.29864e+19 0 0 0 4.50372 -1.3193 0.881644 -4.96577 1.74919 0.001
-5.08949 -1.31227 0 0 7.29223e+19 0 0 0 4.50378 -1.30363 0.886077 -4.95982 1.74088 0.001
-5.06449 -1.37416 0 0 7.28568e+19 0 0 0 4.50388 -1.29048 0.890472 -4.95398 1.73233 0.001
-5.0386 -1.43566 0 0 7.27888e+19 0 0 0 4.50388 -1.27741 0.894885 -4.9481 1.72347 0.001
-5.012 -1.49665 0 0 7.27207e+19 0 0 0 4.50392 -1.2633 0.899265 -4.94231 1.71438 0.001
-4.9847 -1.55724 0 0 7.26512e+19 0 0 0 4.50399 -1.25032 0.903602 -4.93665 1.70504 0.001
-4.9566 -1.61744 0 0 7.13245e+19 0 0 0 4.50402 -1.23797 0.90793 -4.93102 1.69543 0.001
-4.92781 -1.67713 0 0 1.79213e+19 0 0 0 4.5041 -1.22622 0.91223 -4.92547 1.68558 0.001
-4.89831 -1.73633 0 0 7.24372e+19 0 0 0 4.50416 -1.21047 0.916498 -4.92 1.67549 0.001
-4.86811 -1.79502 0 0 7.2365e+19 0 0 0 4.5042 -1.19941 0.92074 -4.91459 1.66516 0.001
-4.83712 -1.85331 0 0 7.22897e+19 0 0 0 4.50421 -1.18447 0.924977 -4.9092 1.65456 0.001
-4.80552 -1.91111 0 0 7.22144e+19 0 0 0 4.50432 -1.17066 0.929161 -4.90396 1.64375 0.001
-4.77322 -1.9683 0 0 7.21387e+19 0 0 0 4.50432 -1.15841 0.933329 -4.89872 1.6327 0.001
-4.74023 -2.0251 0 0 7.20625e+19 0 0 0 4.50437 -1.14627 0.937467 -4.89357 1.62141 0.001
-4.70663 -2.08129 0 0 7.19857e+19 0 0 0 4.50446 -1.13109 0.941567 -4.88851 1.60992 0.001
-4.67233 -2.13699 0 0 7.19065e+19 0 0 0 4.50447 -1.11838 0.945646 -4.88349 1.59819 0.001
-4.63744 -2.19218 0 0 7.18275e+19 0 0 0 4.50453 -1.10616 0.949678 -4.87857 1.58626 0.001
-4.60184 -2.24688 0 0 7.17482e+19 0 0 0 4.50457 -1.09395 0.953695 -4.87369 1.57408 0.001
-4.56564 -2.30097 0 0 7.16674e+19 0 0 0 4.50459 -1.08071 0.95768 -4.86886 1.5617 0.001
-4.52885 -2.35456 0 0 7.1587e+19 0 0 0 4.50468 -1.06838 0.961623 -4.86414 1.54911 0.001
-4.49145 -2.40756 0 0 7.15039e+19 0 0 0 4.50469 -1.05339 0.965536 -4.85946 1.53632 0.001
-4.45345 -2.46005 0 0 7.14199e+19 0 0 0 4.50475 -1.04052 0.96941 -4.85487 1.52332 0.001
-4.41486 -2.51195 0 0 7.13351e+19 0 0 0 4.50479 -1.02902 0.97326 -4.85031 1.51012 0.001
-4.37576 -2.56324 0 0 7.12533e+19 0 0 0 4.50484 -1.01523 0.977056 -4.84586 1.49675 0.001
-4.33607 -2.61404 0 0 7.11694e+19 0 0 0 4.5049 -1.00266 0.980817 -4.84148 1.48317 0.001
-4.29577 -2.66423 0 0 7.10825e+19 0 0 0 4.50493 -0.989893 0.984559 -4.83712 1.46939 0.001
-4.25497 -2.71383 0 0 7.09955e+19 0 0 0 4.50495 -0.975504 0.988253 -4.83285 1.45543 0.001
-4.21358 -2.76292 0 0 7.0908e+19 0 0 0 4.50499 -0.963619 0.991915 -4.82864 1.44127 0.001
-4.17178 -2.81132 0 0 7.08239e+19 0 0 0 4.50508 -0.948844 0.995524 -4.82453 1.42698 0.001
-4.12939 -2.85921 0 0 7.07356e+19 0 0 0 4.50512 -0.936294 0.999101 -4.82046 1.41247 0.001
-4.08649 -2.90641 0 0 7.06435e+19 0 0 0 4.50511 -0.92557 1.00266 -4.81641 1.3978 0.001
-4.0431 -2.9531 0 0 7.05562e+19 0 0 0 4.50513 -0.91124 1.00615 -4.81247 1.38296 0.001
-3.9992 -2.9992 0 0 7.04664e+19 0 0 0 4.50519 -0.897515 1.00962 -4.80859 1.36794 0.001
-3.9549 -3.0446 0 0 7.03806e+19 0 0 0 4.50519 -0.88592 1.01304 -4.80476 1.35279 0.001
-3.91011 -3.08949 0 0 7.02859e+19 0 0 0 4.50529 -0.874229 1.01641 -4.80104 1.33747 0.001
-3.86481 -3.13369 0 0 7.02e+19 0 0 0 4.50526 -0.859361 1.01976 -4.7973 1.32198 0.001
-3.81912 -3.17738 0 0 7.0107e+19 0 0 0 4.50535 -0.848692 1.02304 -4.79372 1.30635 0.001
-3.77302 -3.22038 0 0 7.00139e+19 0 0 0 4.50542 -0.83603 1.02629 -4.79018 1.29058 0.001
-3.72643 -3.26277 0 0 6.99248e+19 0 0 0 4.5054 -0.822292 1.0295 -4.78666 1.27464 0.001
-3.67943 -3.30457 0 0 6.98298e+19 0 0 0 4.50548 -0.808142 1.03267 -4.78323 1.25857 0.001
-3.63204 -3.34577 0 0 6.97353e+19 0 0 0 4.50553 -0.795586 1.03578 -4.77988 1.24235 0.001
-3.58424 -3.38626 0 0 6.9643e+19 0 0 0 4.5055 -0.784061 1.03887 -4.77653 1.22601 0.001
-3.53605 -3.42616 0 0 6.95484e+19 0 0 0 4.50552 -0.770985 1.04191 -4.77326 1.20952 0.001
-3.48745 -3.46545 0 0 6.94547e+19 0 0 0 4.50556 -0.757917 1.04491 -4.77006 1.1929 0.001
-3.43846 -3.50415 0 0 6.93628e+19 0 0 0 4.50558 -0.746535 1.04786 -4.76692 1.17614 0.001
-3.38916 -3.54225 0 0 6.92638e+19 0 0 0 4.50567 -0.732811 1.05075 -4.7639 1.15928 0.001
-3.33947 -3.57964 0 0 6.91708e+19 0 0 0 4.50566 -0.720935 1.05361 -4.76086 1.14228 0.001
-3.28947 -3.61644 0 0 6.90728e+19 0 0 0 4.50575 -0.709748 1.05642 -4.75794 1.12518 0.001
-3.23908 -3.65253 0 0 6.89764e+19 0 0 0 4.5057 -0.695303 1.0592 -4.75498 1.10794 0.001
-3.18838 -3.68813 0 0 6.88831e+19 0 0 0 4.50577 -0.684067 1.06191 -4.7522 1.0906 0.001
-3.13729 -3.72303 0 0 6.87834e+19 0 0 0 4.50579 -0.672178 1.0646 -4.74938 1.07312 0.001
-3.08599 -3.75722 0 0 6.86852e+19 0 0 0 4.50577 -0.658001 1.06724 -4.74663 1.05558 0.001
-3.0343 -3.79092 0 0 6.85875e+19 0 0 0 4.50582 -0.646815 1.06981 -4.744 1.03789 0.001
-2.9824 -3.82392 0 0 6.84958e+19 0 0 0 4.50589 -0.633135 1.07234 -4.74142 1.02014 0.001
-2.93011 -3.85621 0 0 6.83901e+19 0 0 0 4.50581 -0.621367 1.07486 -4.73878 1.00226 0.001
-2.87761 -3.88801 0 0 6.82942e+19 0 0 0 4.50596 -0.607928 1.07728 -4.73636 0.9843 0.001
-2.82482 -3.91911 0 0 6.82023e+19 0 0 0 4.50595 -0.59627 1.07968 -4.73392 0.966241 0.001
-2.77172 -3.9496 0 0 6.80996e+19 0 0 0 4.50599 -0.583816 1.08202 -4.73155 0.94808 0.001
-2.71833 -3.9794 0 0 6.79945e+19 0 0 0 4.50596 -0.571487 1.08435 -4.72917 0.929816 0.001
-2.66473 -4.0086 0 0 6.78987e+19 0 0 0 4.50599 -0.560544 1.08661 -4.72689 0.911484 0.001
-2.61094 -4.0372 0 0 6.78036e+19 0 0 0 4.50606 -0.548104 1.0888 -4.72472 0.893083 0.001
-2.55684 -4.06509 0 0 6.77026e+19 0 0 0 4.50607 -0.534132 1.09097 -4.72252 0.87458 0.001
-2.50255 -4.09239 0 0 6.75939e+19 0 0 0 4.5061 -0.523819 1.09309 -4.72041 0.856008 0.001
-2.44796 -4.11909 0 0 6.74893e+19 0 0 0 4.50608 -0.510848 1.09515 -4.71835 0.837334 0.001
-2.39316 -4.14509 0 0 6.73977e+19 0 0 0 4.50605 -0.49835 1.09719 -4.71629 0.818591 0.001
-2.33817 -4.17048 0 0 6.72827e+19 0 0 0 4.50609 -0.486608 1.09917 -4.71432 0.79978 0.001
-2.28297 -4.19528 0 0 6.71833e+19 0 0 0 4.50613 -0.474073 1.10109 -4.71244 0.7809 0.001
-2.22758 -4.21948 0 0 6.70755e+19 0 0 0 4.50619 -0.461057 1.10295 -4.71063 0.761952 0.001
-2.17198 -4.24298 0 0 6.69692e+19 0 0 0 4.5062 -0.450115 1.10479 -4.70881 0.742936 0.001
-2.11629 -4.26587 0 0 6.68631e+19 0 0 0 4.50624 -0.437643 1.10655 -4.70711 0.723886 0.001
-2.06029 -4.28807 0 0 6.67541e+19 0 0 0 4.50621 -0.425708 1.10831 -4.70534 0.704733 0.001
-2.0042 -4.30977 0 0 6.66541e+19 0 0 0 4.50633 -0.412151 1.10997 -4.70377 0.685545 0.001
-1.94781 -4.33077 0 0 6.65404e+19 0 0 0 4.50628 -0.401159 1.11162 -4.70214 0.666255 0.001
-1.89141 -4.35116 0 0 6.64381e+19 0 0 0 4.50638 -0.387976 1.1132 -4.70064 0.646965 0.001
-1.83472 -4.37086 0 0 6.6326e+19 0 0 0 4.50632 -0.375888 1.11476 -4.69907 0.627573 0.001
-1.77792 -4.38996 0 0 6.62215e+19 0 0 0 4.50627 -0.364162 1.11627 -4.69759 0.608146 0.001
-1.72103 -4.40846 0 0 6.61113e+19 0 0 0 4.50629 -0.35239 1.11771 -4.69621 0.588685 0.001
-1.66393 -4.42636 0 0 6.60039e+19 0 0 0 4.50636 -0.34097 1.1191 -4.69487 0.569156 0.001
-1.60674 -4.44366 0 0 6.58984e+19 0 0 0 4.50641 -0.327827 1.12044 -4.69362 0.549592 0.001
-1.54945 -4.46025 0 0 6.57916e+19 0 0 0 4.50638 -0.316262 1.12174 -4.69236 0.529994 0.001
-1.49195 -4.47625 0 0 6.5683e+19 0 0 0 4.50638 -0.304586 1.123 -4.69114 0.510328 0.001
-1.43436 -4.49165 0 0 6.55717e+19 0 0 0 4.50644 -0.291737 1.1242 -4.68999 0.490628 0.001
-1.37666 -4.50635 0 0 6.54618e+19 0 0 0 4.50637 -0.280625 1.12538 -4.68882 0.470893 0.001
-1.31887 -4.52055 0 0 6.5359e+19 0 0 0 4.50642 -0.268257 1.12647 -4.68782 0.451125 0.001
-1.26097 -4.53405 0 0 6.52472e+19 0 0 0 4.50644 -0.25647 1.12754 -4.68679 0.431322 0.001
-1.20298 -4.54695 0 0 6.51404e+19 0 0 0 4.50642 -0.244166 1.12855 -4.68583 0.411484 0.001
-1.14489 -4.55924 0 0 6.50286e+19 0 0 0 4.50645 -0.232227 1.12951 -4.68493 0.391613 0.001
-1.08669 -4.57094 0 0 6.49164e+19 0 0 0 4.50654 -0.220789 1.13041 -4.68409 0.371707 0.001
-1.0284 -4.58194 0 0 6.48054e+19 0 0 0 4.50649 -0.208794 1.1313 -4.68321 0.351768 0.001
-0.970083 -4.59234 0 0 6.46953e+19 0 0 0 4.50645 -0.196703 1.13213 -4.68241 0.331821 0.001
-0.911659 -4.60224 0 0 6.45856e+19 0 0 0 4.50653 -0.184462 1.13287 -4.68176 0.311837 0.001
-0.853165 -4.61144 0 0 6.44741e+19 0 0 0 4.50656 -0.172393 1.13359 -4.68108 0.291829 0.001
-0.794611 -4.61994 0 0 6.43625e+19 0 0 0 4.50649 -0.160807 1.1343 -4.68036 0.2718 0.001
-0.735986 -4.62794 0 0 6.42544e+19 0 0 0 4.5065 -0.148794 1.13491 -4.6798 0.251747 0.001
-0.677312 -4.63534 0 0 6.41394e+19 0 0 0 4.50657 -0.13665 1.13548 -4.6793 0.231678 0.001
-0.618588 -4.64204 0 0 6.40281e+19 0 0 0 4.50654 -0.125029 1.13602 -4.67876 0.211591 0.001
-0.559814 -4.64814 0 0 6.39158e+19 0 0 0 4.50649 -0.11305 1.13651 -4.67828 0.191487 0.001
-0.501 -4.65363 0 0 6.38042e+19 0 0 0 4.50648 -0.101058 1.13695 -4.67786 0.171369 0.001
-0.442146 -4.65853 0 0 6.36906e+19 0 0 0 4.50649 -0.0892688 1.13734 -4.67749 0.151238 0.001
-0.383262 -4.66283 0 0 6.35768e+19 0 0 0 4.50652 -0.0773276 1.13767 -4.67719 0.131096 0.001
-0.324348 -4.66653 0 0 6.34666e+19 0 0 0 4.50654 -0.0653857 1.13795 -4.67694 0.110944 0.001
-0.265403 -4.66963 0 0 6.3353e+19 0 0 0 4.5066 -0.053474 1.13818 -4.67676 0.0907824 0.001
-0.206449 -4.67203 0 0 6.32382e+19 0 0 0 4.50654 -0.0416362 1.13839 -4.67653 0.0706169 0.001
-0.147475 -4.67393 0 0 6.31232e+19 0 0 0 4.50663 -0.0297417 1.13852 -4.67645 0.0504446 0.001
-0.0884881 -4.67513 0 0 6.30132e+19 0 0 0 4.50661 -0.0179486 1.13862 -4.67634 0.0302678 0.001
-0.029497 -4.67573 0 0 6.28993e+19 0 0 0 4.50657 -0.00602617 1.13867 -4.67628 0.0100896 0.001
0.029497 -4.67573 0 0 6.27845e+19 0 0 0 4.50656 0.00585156 1.13868 -4.67628 -0.0100896 0.001
-0.029497 -4.67573 0 0 6.28993e+19 0 0 0 4.50657 -0.00602617 1.13867 -4.67628 0.0100896 0.001
0.029497 -4.67573 0 0 6.27845e+19 0 0 0 4.50656 0.00585156 1.13868 -4.67628 -0.0100896 0.001
0.0884881 -4.67513 0 0 6.26743e+19 0 0 0 4.50657 0.0177132 1.13863 -4.67634 -0.0302678 0.001
0.147475 -4.67393 0 0 6.25572e+19 0 0 0 4.50662 0.0296509 1.13852 -4.67645 -0.0504446 0.001
0.206449 -4.67203 0 0 6.2443e+19 0 0 0 4.50653 0.0414562 1.1384 -4.67653 -0.0706169 0.001
0.265403 -4.66963 0 0 6.2332e+19 0 0 0 4.50658 0.0533228 1.13819 -4.67676 -0.0907824 0.001
0.324348 -4.66653 0 0 6.22176e+19 0 0 0 4.50653 0.0652247 1.13797 -4.67694 -0.110944 0.001
0.383262 -4.66283 0 0 6.21013e+19 0 0 0 4.5065 0.0770826 1.13769 -4.67719 -0.131096 0.001
0.442146 -4.65853 0 0 6.19845e+19 0 0 0 4.5065 0.088892 1.13736 -4.67749 -0.151238 0.001
0.501 -4.65363 0 0 6.18695e+19 0 0 0 4.50648 0.100926 1.13697 -4.67786 -0.171369 0.001
0.559814 -4.64814 0 0 6.17568e+19 0 0 0 4.5065 0.112937 1.13654 -4.67828 -0.191487 0.001
0.618588 -4.64204 0 0 6.1645e+19 0 0 0 4.5065 0.124683 1.13605 -4.67876 -0.211591 0.001
0.677312 -4.63534 0 0 6.15298e+19 0 0 0 4.50653 0.136646 1.13551 -4.6793 -0.231678 0.001
0.735986 -4.62794 0 0 6.14154e+19 0 0 0 4.50647 0.1485 1.13494 -4.6798 -0.251747 0.001
0.794611 -4.61994 0 0 6.12933e+19 0 0 0 4.50646 0.160686 1.13433 -4.68036 -0.2718 0.001
0.853165 -4.61144 0 0 6.11792e+19 0 0 0 4.50656 0.172057 1.13363 -4.68108 -0.291829 0.001
0.911659 -4.60224 0 0 6.10639e+19 0 0 0 4.50652 0.184551 1.13291 -4.68176 -0.311837 0.001
0.970083 -4.59234 0 0 6.09488e+19 0 0 0 4.50642 0.196339 1.13217 -4.68241 -0.331821 0.001
1.0284 -4.58194 0 0 6.08352e+19 0 0 0 4.50642 0.208214 1.13134 -4.68321 -0.351768 0.001
1.08669 -4.57094 0 0 6.07175e+19 0 0 0 4.5065 0.22055 1.13046 -4.68409 -0.371707 0.001
1.14489 -4.55924 0 0 6.06009e+19 0 0 0 4.50647 0.232586 1.12956 -4.68493 -0.391613 0.001
1.20298 -4.54695 0 0 6.0486e+19 0 0 0 4.5064 0.244298 1.1286 -4.68583 -0.411484 0.001
1.26097 -4.53405 0 0 6.03718e+19 0 0 0 4.50639 0.255833 1.12759 -4.68679 -0.431322 0.001
1.31887 -4.52055 0 0 6.02532e+19 0 0 0 4.5064 0.268289 1.12653 -4.68782 -0.451125 0.001
1.37666 -4.50635 0 0 6.0134e+19 0 0 0 4.50633 0.280369 1.12544 -4.68882 -0.470893 0.001
1.43436 -4.49165 0 0 6.00229e+19 0 0 0 4.50639 0.292237 1.12426 -4.68999 -0.490628 0.001
1.49195 -4.47625 0 0 5.9903e+19 0 0 0 4.50635 0.303713 1.12306 -4.69114 -0.510328 0.001
1.54945 -4.46025 0 0 5.97863e+19 0 0 0 4.50636 0.315643 1.12181 -4.69236 -0.529994 0.001
1.60674 -4.44366 0 0 5.96725e+19 0 0 0 4.50635 0.328514 1.1205 -4.69362 -0.549592 0.001
1.66393 -4.42636 0 0 5.95517e+19 0 0 0 4.50632 0.339495 1.11917 -4.69487 -0.569156 0.001
1.72103 -4.40846 0 0 5.94402e+19 0 0 0 4.50626 0.351795 1.11778 -4.69621 -0.588685 0.001
1.77792 -4.38996 0 0 5.93192e+19 0 0 0 4.50622 0.364631 1.11634 -4.69759 -0.608146 0.001
1.83472 -4.37086 0 0 5.92083e+19 0 0 0 4.50622 0.376488 1.11484 -4.69907 -0.627573 0.001
1.89141 -4.35116 0 0 5.90904e+19 0 0 0 4.50632 0.389035 1.11328 -4.70064 -0.646965 0.001
1.94781 -4.33077 0 0 5.89692e+19 0 0 0 4.50625 0.399889 1.11171 -4.70214 -0.666255 0.001
2.0042 -4.30977 0 0 5.88552e+19 0 0 0 4.50624 0.413167 1.11006 -4.70377 -0.685545 0.001
2.06029 -4.28807 0 0 5.87362e+19 0 0 0 4.50617 0.424114 1.1084 -4.70534 -0.704733 0.001
2.11629 -4.26587 0 0 5.86283e+19 0 0 0 4.5062 0.436483 1.10664 -4.70711 -0.723886 0.001
2.17198 -4.24298 0 0 5.85112e+19 0 0 0 4.50613 0.448693 1.10488 -4.70881 -0.742936 0.001
2.22758 -4.21948 0 0 5.83941e+19 0 0 0 4.50613 0.462072 1.10305 -4.71063 -0.761952 0.001
2.28297 -4.19528 0 0 5.82805e+19 0 0 0 4.50604 0.473516 1.10119 -4.71244 -0.7809 0.001
2.33817 -4.17048 0 0 5.81672e+19 0 0 0 4.50604 0.48631 1.09927 -4.71433 -0.79978 0.001
2.39316 -4.14509 0 0 5.80572e+19 0 0 0 4.50599 0.49837 1.09729 -4.71629 -0.818591 0.001
2.44796 -4.11909 0 0 5.79272e+19 0 0 0 4.50602 0.50986 1.09526 -4.71835 -0.837334 0.001
2.50255 -4.09239 0 0 5.78205e+19 0 0 0 4.50598 0.522565 1.09319 -4.72041 -0.856008 0.001
2.55684 -4.06509 0 0 5.76988e+19 0 0 0 4.50595 0.53465 1.09108 -4.72251 -0.87458 0.001
2.61094 -4.0372 0 0 5.75736e+19 0 0 0 4.50598 0.547827 1.08891 -4.72472 -0.893083 0.001
2.66473 -4.0086 0 0 5.74615e+19 0 0 0 4.50589 0.559231 1.08672 -4.72689 -0.911484 0.001
2.71833 -3.9794 0 0 5.7346e+19 0 0 0 4.5059 0.570877 1.08446 -4.72917 -0.929816 0.001
2.77172 -3.9496 0 0 5.72268e+19 0 0 0 4.50593 0.583344 1.08214 -4.73155 -0.94808 0.001
2.82482 -3.91911 0 0 5.71037e+19 0 0 0 4.50587 0.597042 1.0798 -4.73392 -0.966241 0.001
2.87761 -3.88801 0 0 5.69934e+19 0 0 0 4.50583 0.608586 1.0774 -4.73636 -0.9843 0.001
2.93011 -3.85621 0 0 5.68716e+19 0 0 0 4.50573 0.621649 1.07498 -4.73878 -1.00226 0.001
2.9824 -3.82392 0 0 5.67619e+19 0 0 0 4.50578 0.633829 1.07247 -4.74142 -1.02014 0.001
3.0343 -3.79092 0 0 5.66488e+19 0 0 0 4.50573 0.645818 1.06994 -4.744 -1.03789 0.001
3.08599 -3.75722 0 0 5.6527e+19 0 0 0 4.50567 0.659033 1.06737 -4.74663 -1.05558 0.001
3.13729 -3.72303 0 0 5.64135e+19 0 0 0 4.50568 0.671777 1.06473 -4.74938 -1.07312 0.001
3.18838 -3.68813 0 0 5.63028e+19 0 0 0 4.50568 0.68387 1.06205 -4.7522 -1.0906 0.001
3.23908 -3.65253 0 0 5.61817e+19 0 0 0 4.50563 0.697208 1.05934 -4.75498 -1.10794 0.001
3.28947 -3.61644 0 0 5.60719e+19 0 0 0 4.50562 0.708423 1.05656 -4.75794 -1.12518 0.001
3.33947 -3.57964 0 0 5.59587e+19 0 0 0 4.5056 0.719696 1.05376 -4.76087 -1.14228 0.001
3.38916 -3.54225 0 0 5.58427e+19 0 0 0 4.50559 0.734779 1.05089 -4.76391 -1.15928 0.001
3.43846 -3.50415 0 0 5.57303e+19 0 0 0 4.50546 0.746219 1.04801 -4.76692 -1.17614 0.001
3.48745 -3.46545 0 0 5.56152e+19 0 0 0 4.50545 0.757731 1.04506 -4.77006 -1.1929 0.001
3.53605 -3.42616 0 0 5.55046e+19 0 0 0 4.50541 0.770856 1.04207 -4.77326 -1.20952 0.001
3.58424 -3.38626 0 0 5.53941e+19 0 0 0 4.50539 0.783953 1.03903 -4.77653 -1.22601 0.001
3.63204 -3.34577 0 0 5.52851e+19 0 0 0 4.5054 0.797121 1.03594 -4.77988 -1.24235 0.001
3.67943 -3.30457 0 0 5.51753e+19 0 0 0 4.50534 0.808403 1.03283 -4.78323 -1.25857 0.001
3.72643 -3.26277 0 0 5.50624e+19 0 0 0 4.50529 0.822515 1.02967 -4.78666 -1.27464 0.001
3.77302 -3.22038 0 0 5.49567e+19 0 0 0 4.50528 0.833746 1.02645 -4.79018 -1.29058 0.001
3.81912 -3.17738 0 0 5.48462e+19 0 0 0 4.50523 0.846463 1.02321 -4.79372 -1.30635 0.001
3.86481 -3.13369 0 0 5.47392e+19 0 0 0 4.50514 0.859155 1.01993 -4.7973 -1.32198 0.001
3.91011 -3.08949 0 0 5.46281e+19 0 0 0 4.50515 0.872318 1.01658 -4.80104 -1.33747 0.001
3.9549 -3.0446 0 0 5.45219e+19 0 0 0 4.5051 0.884377 1.01321 -4.80476 -1.35279 0.001
3.9992 -2.9992 0 0 5.44183e+19 0 0 0 4.50504 0.898965 1.0098 -4.80858 -1.36794 0.001
4.0431 -2.9531 0 0 5.43149e+19 0 0 0 4.505 0.911417 1.00633 -4.81247 -1.38296 0.001
4.08649 -2.90641 0 0 5.42044e+19 0 0 0 4.50496 0.923836 1.00284 -4.81641 -1.3978 0.001
4.12939 -2.85921 0 0 5.41038e+19 0 0 0 4.50497 0.937585 0.999284 -4.82046 -1.41247 0.001
4.17178 -2.81132 0 0 5.40002e+19 0 0 0 4.50492 0.949194 0.995709 -4.82453 -1.42698 0.001
4.21358 -2.76292 0 0 5.38962e+19 0 0 0 4.50486 0.962211 0.992104 -4.82864 -1.44127 0.001
4.25497 -2.71383 0 0 5.37943e+19 0 0 0 4.50483 0.976849 0.988445 -4.83285 -1.45543 0.001
4.29577 -2.66423 0 0 5.36946e+19 0 0 0 4.50478 0.989431 0.984751 -4.83712 -1.46939 0.001
4.33607 -2.61404 0 0 5.35971e+19 0 0 0 4.50475 1.00224 0.981012 -4.84148 -1.48317 0.001
4.37576 -2.56324 0 0 5.34973e+19 0 0 0 4.5047 1.01588 0.977254 -4.84586 -1.49675 0.001
4.41486 -2.51195 0 0 5.33983e+19 0 0 0 4.50464 1.02823 0.973459 -4.85031 -1.51012 0.001
4.45345 -2.46005 0 0 5.33038e+19 0 0 0 4.50459 1.04051 0.969611 -4.85487 -1.52332 0.001
4.49145 -2.40756 0 0 5.32054e+19 0 0 0 4.50456 1.05502 0.965741 -4.85946 -1.53632 0.001
4.52885 -2.35456 0 0 5.31117e+19 0 0 0 4.50452 1.06807 0.961829 -4.86414 -1.54911 0.001
4.56564 -2.30097 0 0 5.30181e+19 0 0 0 4.50444 1.08013 0.957888 -4.86886 -1.5617 0.001
4.60184 -2.24688 0 0 5.29262e+19 0 0 0 4.50443 1.0919 0.953906 -4.87369 -1.57408 0.001
4.63744 -2.19218 0 0 5.28336e+19 0 0 0 4.50438 1.10554 0.94989 -4.87857 -1.58626 0.001
4.67233 -2.13699 0 0 5.27437e+19 0 0 0 4.5043 1.11869 0.945859 -4.88348 -1.59819 0.001
4.70663 -2.08129 0 0 5.26537e+19 0 0 0 4.50429 1.1311 0.941782 -4.88851 -1.60992 0.001
4.74023 -2.0251 0 0 5.25656e+19 0 0 0 4.50421 1.14613 0.937685 -4.89357 -1.62141 0.001
4.77322 -1.9683 0 0 5.24782e+19 0 0 0 4.50416 1.15871 0.933549 -4.89872 -1.6327 0.001
4.80552 -1.91111 0 0 5.23921e+19 0 0 0 4.50416 1.17038 0.929383 -4.90396 -1.64375 0.001
4.83712 -1.85331 0 0 5.23066e+19 0 0 0 4.50405 1.18419 0.925201 -4.9092 -1.65456 0.001
4.86811 -1.79502 0 0 5.22251e+19 0 0 0 4.50404 1.19939 0.920965 -4.91459 -1.66516 0.001
4.89831 -1.73633 0 0 4.9988e+19 0 0 0 4.50398 1.21118 0.916725 -4.92 -1.67549 0.001
4.92781 -1.67713 0 0 2.85515e+19 0 0 0 4.50391 1.22408 0.912458 -4.92547 -1.68558 0.001
4.9566 -1.61744 0 0 5.13455e+19 0 0 0 4.50385 1.23751 0.908161 -4.93102 -1.69543 0.001
4.9847 -1.55724 0 0 5.1905e+19 0 0 0 4.5038 1.25189 0.903834 -4.93665 -1.70504 0.001
5.012 -1.49665 0 0 5.18287e+19 0 0 0 4.50371 1.26435 0.899497 -4.94231 -1.71438 0.001
5.0386 -1.43566 0 0 5.17539e+19 0 0 0 4.50369 1.27751 0.895121 -4.94809 -1.72347 0.001
5.06449 -1.37416 0 0 5.16816e+19 0 0 0 4.5037 1.29105 0.89071 -4.95398 -1.73233 0.001
5.08949 -1.31227 0 0 5.16073e+19 0 0 0 4.5036 1.30561 0.886318 -4.95982 -1.74088 0.001
5.11379 -1.24987 0 0 5.1538e+19 0 0 0 4.50351 1.3177 0.881884 -4.96577 -1.74919 0.001
5.13729 -1.18718 0 0 5.14691e+19 0 0 0 4.50349 1.33197 0.877434 -4.9718 -1.75723 0.001
5.16008 -1.12409 0 0 5.14031e+19 0 0 0 4.5035 1.34397 0.872934 -4.97798 -1.76503 0.001
5.18198 -1.06049 0 0 5.13367e+19 0 0 0 4.50342 1.35902 0.868454 -4.98411 -1.77252 0.001
5.20308 -0.99662 0 0 5.12725e+19 0 0 0 4.50336 1.37012 0.86395 -4.99033 -1.77974 0.001
5.22338 -0.932357 0 0 5.12101e+19 0 0 0 4.50331 1.38539 0.859426 -4.99663 -1.78668 0.001
5.24288 -0.867723 0 0 5.11507e+19 0 0 0 4.50327 1.3984 0.854879 -5.00302 -1.79335 0.001
5.26147 -0.80274 0 0 5.10696e+19 0 0 0 4.50319 1.4125 0.850341 -5.00941 -1.79971 0.001
5.27927 -0.737426 0 0 5.05935e+19 0 0 0 4.50315 1.42593 0.845777 -5.0159 -1.8058 0.001
5.29627 -0.671783 0 0 4.79772e+19 0 0 0 4.50314 1.43662 0.841186 -5.0225 -1.81161 0.001
5.31237 -0.605829 0 0 4.15433e+19 0 0 0 4.50306 1.45175 0.836595 -5.02912 -1.81712 0.001
5.32757 -0.539566 0 0 3.36806e+19 0 0 0 4.50299 1.46497 0.83201 -5.03577 -1.82232 0.001
5.34197 -0.473023 0 0 2.81941e+19 0 0 0 4.50297 1.47877 0.827393 -5.04254 -1.82724 0.001
5.35546 -0.406189 0 0 2.63048e+19 0 0 0 4.50293 1.49306 0.822776 -5.04936 -1.83186 0.001
5.36806 -0.339086 0 0 2.69852e+19 0 0 0 4.50285 1.50545 0.818155 -5.05621 -1.83617 0.001
5.37976 -0.271733 0 0 2.88118e+19 0 0 0 4.50277 1.51796 0.813533 -5.06312 -1.84017 0.001
5.39056 -0.20413 0 0 3.08903e+19 0 0 0 4.5027 1.53082 0.808909 -5.07009 -1.84386 0.001
5.40056 -0.136306 0 0 3.29326e+19 0 0 0 4.50273 1.54702 0.80425 -5.0772 -1.84728 0.001
5.40956 -0.0682552 0 0 3.48207e+19 0 0 0 4.50263 1.55877 0.799613 -5.08428 -1.85036 0.001
5.41766 6.0148e-16 0 0 3.65719e+19 0 0 0 4.50259 1.57293 0.794974 -5.09144 -1.85313 0.001
5.42486 0.0684482 0 0 3.81836e+19 0 0 0 4.50252 1.5856 0.790326 -5.09866 -1.8556 0.001
5.43106 0.137076 0 0 3.96408e+19 0 0 0 4.50242 1.60046 0.785706 -5.10587 -1.85772 0.001
5.43646 0.205869 0 0 4.09859e+19 0 0 0 4.50242 1.61396 0.781045 -5.11325 -1.85956 0.001
5.44086 0.274823 0 0 4.21881e+19 0 0 0 4.50234 1.62521 0.776407 -5.12062 -1.86107 0.001
5.44436 0.343906 0 0 4.32697e+19 0 0 0 4.50232 1.64071 0.771763 -5.12808 -1.86227 0.001
5.44686 0.413119 0 0 4.42286e+19 0 0 0 4.50223 1.65173 0.76714 -5.13553 -1.86312 0.001
5.44846 0.482452 0 0 4.50848e+19 0 0 0 4.50217 1.66571 0.762508 -5.14306 -1.86367 0.001
5.44906 0.551875 0 0 4.58335e+19 0 0 0 4.50207 1.67906 0.7579 -5.1506 -1.86387 0.001
5.44876 0.621388 0 0 4.64981e+19 0 0 0 4.50203 1.69352 0.753284 -5.15824 -1.86377 0.001
5.44756 0.690981 0 0 4.70821e+19 0 0 0 4.50203 1.70543 0.748658 -5.16597 -1.86336 0.001
5.44536 0.760624 0 0 4.75876e+19 0 0 0 4.50199 1.71955 0.744055 -5.1737 -1.86261 0.001
5.44216 0.830307 0 0 4.80219e+19 0 0 0 4.5019 1.73374 0.739476 -5.18143 -1.86151 0.001
5.43806 0.90002 0 0 4.83999e+19 0 0 0 4.50188 1.74719 0.734889 -5.18927 -1.86011 0.001
5.43296 0.969753 0 0 4.87232e+19 0 0 0 4.50183 1.75922 0.730326 -5.19711 -1.85837 0.001
5.42686 1.0395 0 0 4.89973e+19 0 0 0 4.50174 1.77445 0.725785 -5.20496 -1.85628 0.001
5.41986 1.10919 0 0 4.92348e+19 0 0 0 4.50169 1.78688 0.721241 -5.2129 -1.85389 0.001
5.41186 1.17888 0 0 4.9435e+19 0 0 0 4.50163 1.80023 0.71672 -5.22085 -1.85115 0.001
5.40286 1.24858 0 0 4.96045e+19 0 0 0 4.50156 1.81231 0.712221 -5.22882 -1.84807 0.001
5.39296 1.31817 0 0 4.97505e+19 0 0 0 4.50151 1.82646 0.707721 -5.23687 -1.84469 0.001
5.38206 1.38766 0 0 4.98724e+19 0 0 0 4.50148 1.84154 0.703255 -5.24492 -1.84096 0.001
5.37016 1.45715 0 0 4.99775e+19 0 0 0 4.50139 1.85343 0.698803 -5.25299 -1.83689 0.001
5.35736 1.52645 0 0 5.00682e+19 0 0 0 4.50137 1.86559 0.694364 -5.26113 -1.83251 0.001
5.34357 1.59564 0 0 5.01468e+19 0 0 0 4.50132 1.88116 0.689954 -5.26927 -1.82779 0.001
5.32877 1.66473 0 0 5.02151e+19 0 0 0 4.50124 1.89177 0.68557 -5.2774 -1.82273 0.001
5.31307 1.73373 0 0 5.02773e+19 0 0 0 4.50121 1.90691 0.681183 -5.28563 -1.81736 0.001
5.29637 1.80252 0 0 5.03343e+19 0 0 0 4.50117 1.91859 0.676836 -5.29384 -1.81165 0.001
5.27867 1.87111 0 0 5.03853e+19 0 0 0 4.50106 1.93223 0.672526 -5.30203 -1.80559 0.001
5.26007 1.93961 0 0 5.04356e+19 0 0 0 4.50107 1.9448 0.668213 -5.31032 -1.79923 0.001
5.24048 2.0078 0 0 5.04829e+19 0 0 0 4.50098 1.95825 0.66395 -5.31855 -1.79253 0.001
5.21998 2.07589 0 0 5.05308e+19 0 0 0 4.50098 1.97219 0.659679 -5.32688 -1.78552 0.001
5.19848 2.14369 0 0 5.05787e+19 0 0 0 4.50093 1.98506 0.65546 -5.33517 -1.77816 0.001
5.17598 2.21128 0 0 5.06252e+19 0 0 0 4.50087 1.99744 0.651278 -5.34344 -1.77047 0.001
5.15258 2.27857 0 0 5.06735e+19 0 0 0 4.50079 2.01163 0.647113 -5.35173 -1.76246 0.001
5.12829 2.34557 0 0 5.07248e+19 0 0 0 4.50078 2.02438 0.642972 -5.36006 -1.75415 0.001
5.10299 2.41226 0 0 5.07758e+19 0 0 0 4.5007 2.03785 0.638879 -5.36834 -1.7455 0.001
5.07679 2.47875 0 0 5.08311e+19 0 0 0 4.50071 2.05196 0.634791 -5.37669 -1.73654 0.001
5.04959 2.54485 0 0 5.08864e+19 0 0 0 4.5006 2.06424 0.630766 -5.38495 -1.72724 0.001
5.0215 2.61064 0 0 5.09443e+19 0 0 0 4.50054 2.07843 0.626761 -5.39324 -1.71763 0.001
4.9925 2.67613 0 0 5.10054e+19 0 0 0 4.5005 2.09116 0.622774 -5.40156 -1.70771 0.001
4.9626 2.74123 0 0 5.10691e+19 0 0 0 4.50048 2.10382 0.618824 -5.40987 -1.69748 0.001
4.93171 2.80602 0 0 5.11338e+19 0 0 0 4.50044 2.11515 0.614921 -5.41814 -1.68691 0.001
4.90001 2.87031 0 0 5.12028e+19 0 0 0 4.50041 2.12986 0.611042 -5.42642 -1.67607 0.001
4.86731 2.93431 0 0 5.12725e+19 0 0 0 4.50033 2.14244 0.607206 -5.43465 -1.66489 0.001
4.83372 2.9979 0 0 5.13457e+19 0 0 0 4.50028 2.15651 0.603405 -5.44288 -1.65339 0.001
4.79932 3.06099 0 0 5.14217e+19 0 0 0 4.50025 2.16816 0.599632 -5.45111 -1.64163 0.001
4.76392 3.12369 0 0 5.14989e+19 0 0 0 4.50018 2.18216 0.59592 -5.45926 -1.62952 0.001
4.72773 3.18598 0 0 5.15801e+19 0 0 0 4.50017 2.19341 0.592213 -5.46747 -1.61714 0.001
4.69063 3.24778 0 0 5.16628e+19 0 0 0 4.50013 2.20811 0.588561 -5.47561 -1.60445 0.001
4.65263 3.30907 0 0 5.17487e+19 0 0 0 4.50004 2.22029 0.58496 -5.48368 -1.59145 0.001
4.61384 3.36996 0 0 5.18372e+19 0 0 0 4.50006 2.23394 0.581367 -5.49181 -1.57818 0.001
4.57414 3.43026 0 0 5.19272e+19 0 0 0 4.49996 2.24506 0.577845 -5.49981 -1.56461 0.001
4.53365 3.49015 0 0 5.20211e+19 0 0 0 4.49997 2.25877 0.574329 -5.50788 -1.55075 0.001
4.49225 3.54945 0 0 5.21164e+19 0 0 0 4.4999 2.27101 0.570885 -5.51582 -1.53659 0.001
4.45005 3.60824 0 0 5.22147e+19 0 0 0 4.49987 2.28331 0.567468 -5.52376 -1.52216 0.001
4.40706 3.66643 0 0 5.23145e+19 0 0 0 4.49984 2.29769 0.5641 -5.53164 -1.50745 0.001
4.36316 3.72413 0 0 5.24175e+19 0 0 0 4.49978 2.31063 0.56078 -5.53945 -1.49244 0.001
4.31857 3.78122 0 0 5.25227e+19 0 0 0 4.49976 2.32104 0.557484 -5.54727 -1.47718 0.001
4.27307 3.83782 0 0 5.26306e+19 0 0 0 4.4997 2.33466 0.554233 -5.55501 -1.46162 0.001
4.22688 3.89371 0 0 5.27402e+19 0 0 0 4.49967 2.34691 0.551033 -5.5627 -1.44582 0.001
4.17988 3.94901 0 0 5.28519e+19 0 0 0 4.49963 2.36093 0.54788 -5.57032 -1.42975 0.001
4.13209 4.0038 0 0 5.2967e+19 0 0 0 4.49963 2.37208 0.544748 -5.57794 -1.4134 0.001
4.08349 4.05789 0 0 5.30838e+19 0 0 0 4.49956 2.38446 0.541686 -5.58543 -1.39678 0.001
4.0342 4.11129 0 0 5.32021e+19 0 0 0 4.49948 2.3982 0.538672 -5.59284 -1.37991 0.001
3.9842 4.16408 0 0 5.33231e+19 0 0 0 4.49947 2.41059 0.535683 -5.60025 -1.36281 0.001
3.93341 4.21628 0 0 5.3447e+19 0 0 0 4.49946 2.42236 0.532739 -5.60759 -1.34544 0.001
3.88191 4.26777 0 0 5.35726e+19 0 0 0 4.49945 2.43503 0.529843 -5.61486 -1.32782 0.001
3.82962 4.31857 0 0 5.36996e+19 0 0 0 4.49936 2.44708 0.527015 -5.62198 -1.30994 0.001
3.77672 4.36866 0 0 5.38296e+19 0 0 0 4.49933 2.45971 0.524214 -5.62909 -1.29184 0.001
3.72313 4.41816 0 0 5.39618e+19 0 0 0 4.49938 2.47199 0.521436 -5.63619 -1.27351 0.001
3.66883 4.46685 0 0 5.40955e+19 0 0 0 4.49933 2.48578 0.518731 -5.64313 -1.25494 0.001
3.61384 4.51485 0 0 5.4231e+19 0 0 0 4.49929 2.49825 0.516073 -5.64999 -1.23613 0.001
3.55814 4.56214 0 0 5.43687e+19 0 0 0 4.49927 2.50905 0.513463 -5.65676 -1.21708 0.001
3.50185 4.60864 0 0 5.4508e+19 0 0 0 4.49919 2.52185 0.510904 -5.66343 -1.19782 0.001
3.44486 4.65443 0 0 5.46498e+19 0 0 0 4.49915 2.53525 0.508393 -5.67001 -1.17833 0.001
3.38726 4.69953 0 0 5.47932e+19 0 0 0 4.49916 2.54811 0.505909 -5.67657 -1.15863 0.001
3.32907 4.74383 0 0 5.49384e+19 0 0 0 4.49913 2.56006 0.503478 -5.68301 -1.13872 0.001
3.27027 4.78732 0 0 5.50857e+19 0 0 0 4.49909 2.57227 0.501101 -5.68934 -1.11861 0.001
3.21088 4.83002 0 0 5.52339e+19 0 0 0 4.49904 2.58374 0.498779 -5.69555 -1.0983 0.001
3.15078 4.87201 0 0 5.53847e+19 0 0 0 4.49899 2.59615 0.496498 -5.70168 -1.07774 0.001
3.09029 4.91321 0 0 5.55367e+19 0 0 0 4.49905 2.60812 0.494241 -5.70779 -1.05705 0.001
3.0291 4.9535 0 0 5.56904e+19 0 0 0 4.49898 2.61999 0.492081 -5.71365 -1.03612 0.001
2.9674 4.9931 0 0 5.58463e+19 0 0 0 4.49899 2.63239 0.489928 -5.71953 -1.01501 0.001
2.90511 5.0318 0 0 5.60028e+19 0 0 0 4.49889 2.64508 0.487854 -5.7252 -0.993705 0.001
2.84232 5.06969 0 0 5.61609e+19 0 0 0 4.49885 2.65769 0.48582 -5.7308 -0.972226 0.001
2.77902 5.10679 0 0 5.63215e+19 0 0 0 4.49885 2.66993 0.483822 -5.73632 -0.950577 0.001
2.71523 5.14309 0 0 5.64836e+19 0 0 0 4.49891 2.68098 0.481863 -5.74177 -0.928756 0.001
2.65093 5.17848 0 0 5.66459e+19 0 0 0 4.4989 2.69468 0.479968 -5.74706 -0.906764 0.001
2.58614 5.21298 0 0 5.681e+19 0 0 0 4.4988 2.70586 0.478135 -5.75217 -0.884601 0.001
2.52085 5.24668 0 0 5.69756e+19 0 0 0 4.49879 2.71761 0.476342 -5.75722 -0.862267 0.001
2.45515 5.27947 0 0 5.71421e+19 0 0 0 4.49876 2.73079 0.4746 -5.76213 -0.839796 0.001
2.38896 5.31147 0 0 5.73098e+19 0 0 0 4.49876 2.74195 0.472892 -5.76696 -0.817155 0.001
2.32237 5.34257 0 0 5.74794e+19 0 0 0 4.49877 2.75397 0.471237 -5.77167 -0.794376 0.001
2.25527 5.37276 0 0 5.76495e+19 0 0 0 4.49872 2.7667 0.469645 -5.7762 -0.771426 0.001
2.18788 5.40206 0 0 5.78208e+19 0 0 0 4.49871 2.77838 0.468094 -5.78064 -0.748374 0.001
2.11999 5.43046 0 0 5.79934e+19 0 0 0 4.49866 2.7901 0.466607 -5.78491 -0.725151 0.001
2.05179 5.45795 0 0 5.81666e+19 0 0 0 4.49864 2.80211 0.465161 -5.78907 -0.701825 0.001
1.9832 5.48465 0 0 5.8341e+19 0 0 0 4.49873 2.81502 0.463736 -5.7932 -0.678363 0.001
1.91421 5.51035 0 0 5.85166e+19 0 0 0 4.49866 2.8268 0.46239 -5.79709 -0.654763 0.001
1.84492 5.53515 0 0 5.86917e+19 0 0 0 4.49865 2.83831 0.461087 -5.80087 -0.631061 0.001
1.77522 5.55894 0 0 5.88692e+19 0 0 0 4.49855 2.85015 0.459866 -5.80443 -0.607223 0.001
1.70533 5.58194 0 0 5.90459e+19 0 0 0 4.4986 2.86276 0.458647 -5.80799 -0.583315 0.001
1.63504 5.60404 0 0 5.92251e+19 0 0 0 4.49863 2.87443 0.457475 -5.81142 -0.559271 0.001
1.56444 5.62514 0 0 5.9404e+19 0 0 0 4.49864 2.88675 0.456379 -5.81465 -0.535125 0.001
1.49355 5.64524 0 0 5.95834e+19 0 0 0 4.49851 2.89819 0.45535 -5.81766 -0.510875 0.001
1.42246 5.66453 0 0 5.97645e+19 0 0 0 4.49859 2.91043 0.454326 -5.82069 -0.486558 0.001
1.35106 5.68283 0 0 5.99452e+19 0 0 0 4.49856 2.92214 0.453372 -5.8235 -0.462138 0.001
1.27937 5.70013 0 0 6.01262e+19 0 0 0 4.4985 2.93418 0.45249 -5.82611 -0.437615 0.001
1.20758 5.71653 0 0 6.03076e+19 0 0 0 4.4985 2.94573 0.451634 -5.82865 -0.413058 0.001
1.13549 5.73203 0 0 6.04901e+19 0 0 0 4.49853 2.95773 0.450818 -5.83107 -0.388398 0.001
1.06319 5.74653 0 0 6.06718e+19 0 0 0 4.49854 2.96991 0.450069 -5.83331 -0.36367 0.001
0.990691 5.76002 0 0 6.08549e+19 0 0 0 4.49846 2.98149 0.44938 -5.83535 -0.33887 0.001
0.918028 5.77262 0 0 6.10379e+19 0 0 0 4.49846 2.99351 0.448725 -5.83731 -0.314016 0.001
0.845205 5.78432 0 0 6.12214e+19 0 0 0 4.49854 3.00518 0.448101 -5.83918 -0.289106 0.001
0.772213 5.79492 0 0 6.14047e+19 0 0 0 4.49846 3.01709 0.44757 -5.84076 -0.264139 0.001
0.6991 5.80462 0 0 6.15884e+19 0 0 0 4.49845 3.02904 0.447069 -5.84226 -0.23913 0.001
0.625847 5.81342 0 0 6.17717e+19 0 0 0 4.49852 3.04071 0.446598 -5.84367 -0.214074 0.001
0.552485 5.82112 0 0 6.19551e+19 0 0 0 4.49846 3.05252 0.446219 -5.84481 -0.18898 0.001
0.479022 5.82792 0 0 6.21389e+19 0 0 0 4.49845 3.06465 0.445868 -5.84586 -0.163852 0.001
0.405469 5.83382 0 0 6.23225e+19 0 0 0 4.49851 3.07647 0.445544 -5.84683 -0.138693 0.001
0.331847 5.83862 0 0 6.25056e+19 0 0 0 4.49845 3.0881 0.445312 -5.84752 -0.11351 0.001
0.258164 5.84252 0 0 6.26886e+19 0 0 0 4.49844 3.1 0.445106 -5.84813 -0.0883062 0.001
0.184442 5.84552 0 0 6.28719e+19 0 0 0 4.49853 3.11191 0.444928 -5.84867 -0.063089 0.001
0.110679 5.84742 0 0 6.30547e+19 0 0 0 4.49846 3.12371 0.444839 -5.84892 -0.0378582 0.001
0.0368943 5.84842 0 0 6.32368e+19 0 0 0 4.49849 3.13554 0.444779 -5.8491 -0.0126199 0.001
